1	573	61	0	0	0	0	0.102600000799	0.102600000799	104.606002569	0.00707087993622	0.025	0.127543527098	0.00827794415806
2	589	127	0	0	0	0	0.102600000799	0.102600000799	45.0499989092	0.00345616006851	0.025	0.127543527098	0.00827794415806
3	389	67	0	0	0	0	0.103500001132	0.103500001132	44.9694991112	0.0481417007446	0.025	0.128213636171	0.00834691196949
4	417	109	0	0	0	0	0.1053000018	0.1053000018	45.0472012162	0.0433996009827	0.025	0.129546901948	0.00848475792402
5	437	115	0	0	0	0	0.1053000018	0.1053000018	177.922993898	0.028188999176	0.025	0.129546901948	0.00848475792402
6	449	91	0	0	0	0	0.106200002134	0.106200002134	75.080499053	0.0325928993225	0.025	0.130210114146	0.008553636605
7	574	61	0	0	0	0	0.111599996686	0.111599996686	45.0502000749	0.00489728021622	0.025	0.134143154005	0.00896630419903
8	244	75	0	0	0	0	0.115199998021	0.115199998021	94.5561006665	0.0617249984741	0.025	0.136722971078	0.00924085901675
9	383	59	0	0	0	0	0.115199998021	0.115199998021	131.003007293	0.0468526000977	0.025	0.136722971078	0.00924085901675
10	531	89	0	0	0	0	0.115199998021	0.115199998021	118.101999164	0.00383687996864	0.025	0.136722971078	0.00924085901675
11	349	55	0	0	0	0	0.116099998355	0.116099998355	188.301995397	0.0491164016724	0.025	0.137362862497	0.00930943018494
12	555	84	0	0	0	0	0.11969999969	0.11969999969	230.562999845	0.00853907012939	0.025	0.139902828156	0.00958345125586
13	269	83	0	0	0	0	0.121500000358	0.121500000358	134.644001722	0.0497803993225	0.025	0.141161339849	0.00972030655369
14	521	77	0	0	0	0	0.122400000691	0.122400000691	62.7646967769	0.0207856006622	0.025	0.141787797553	0.00978869610173
15	282	87	0	0	0	0	0.123300001025	0.123300001025	247.014001012	0.0350369987488	0.025	0.142412415421	0.00985706051093
16	254	73	0	0	0	0	0.124200001359	0.124200001359	62.7679005265	0.0281378002167	0.025	0.143035212227	0.00992539997394
17	293	76	0	0	0	0	0.12690000236	0.12690000236	158.767998219	0.0477574005127	0.025	0.14489285917	0.0101302705696
18	324	97	0	0	0	0	0.127800002694	0.127800002694	167.551994324	0.0492635993958	0.025	0.145508553067	0.0101985121179
19	431	112	0	0	0	0	0.128700003028	0.128700003028	152.758002281	0.0449793014526	0.025	0.146122515037	0.0102667296415
20	314	88	0	0	0	0	0.135900005698	0.135900005698	416.485011578	0.0419132003784	0.025	0.15097383579	0.0108116255923
21	379	103	0	0	0	0	0.135900005698	0.135900005698	296.600013971	0.046779800415	0.025	0.15097383579	0.0108116255923
22	245	75	0	0	0	0	0.136800006032	0.136800006032	104.612000287	0.0679307022095	0.025	0.151572939904	0.0108796345401
23	256	73	0	0	0	0	0.14849999547	0.14849999547	223.551005125	0.033199798584	0.025	0.159223024256	0.011761768165
24	615	104	0	0	0	0	0.149399995804	0.149399995804	469.88800168	0.0207005996704	0.025	0.159801317471	0.0118294772246
25	596	60	0	0	0	0	0.150299996138	0.150299996138	104.923002422	0.00666750001907	0.025	0.160378218876	0.0118971658929
26	569	121	0	0	0	0	0.158399999142	0.158399999142	283.571988344	0.00282581996918	0.025	0.165509569585	0.0125054669444
27	348	55	0	0	0	0	0.161100000143	0.161100000143	224.737003446	0.0564380989075	0.025	0.167196556556	0.0127078845368
28	396	80	0	0	0	0	0.166500002146	0.166500002146	160.981997848	0.0400652999878	0.025	0.17053697313	0.013112213973
29	368	59	0	0	0	0	0.177300006151	0.177300006151	439.691007137	0.0401035003662	0.025	0.177090496167	0.0139189286809
30	377	67	0	0	0	0	0.179100006819	0.179100006819	301.968991756	0.0632937011719	0.025	0.178167040375	0.0140531382491
31	250	71	0	0	0	0	0.185399994254	0.185399994254	264.191001654	0.0709191970825	0.025	0.181901313103	0.0145223442344
32	509	77	0	0	0	0	0.187199994922	0.187199994922	565.970003605	0.0138519001007	0.025	0.182958884582	0.0146562558391
33	304	85	0	0	0	0	0.191699996591	0.191699996591	362.480998039	0.0454481010437	0.025	0.185585169304	0.0149907546534
34	578	122	0	0	0	0	0.191700994968	0.191700994968	493.905991316	0.00660958003998	0.025	0.185585749223	0.014990828822
35	592	74	0	0	0	0	0.192599996924	0.192599996924	207.026004791	0.00207542991638	0.025	0.186107454836	0.0150576070181
36	577	81	0	0	0	0	0.201598003507	0.201598003507	1513.39995861	0.00602938985825	0.025	0.191276554624	0.0157251360636
37	502	86	0	0	0	0	0.205200001597	0.205200001597	308.93599987	0.014692199707	0.025	0.193319836974	0.0159919339822
38	522	90	0	0	0	0	0.205200001597	0.205200001597	649.582982063	0.0116372003555	0.025	0.193319836974	0.0159919339822
39	524	96	0	0	0	0	0.207000002265	0.207000002265	271.979004145	0.0127561998367	0.025	0.194335532397	0.0161251710113
40	308	108	0	0	0	0	0.2106000036	0.2106000036	498.699009418	0.0703080978394	0.025	0.196356385423	0.0163914718419
41	587	60	0	0	0	0	0.2106000036	0.2106000036	1365.42999744	0.0106799001694	0.025	0.196356385423	0.0163914718419
42	313	94	0	0	0	0	0.215100005269	0.215100005269	300.455987453	0.0634264984131	0.025	0.198863123706	0.0167240284011
43	358	111	0	0	0	0	0.228599995375	0.228599995375	412.721991539	0.0426273002625	0.025	0.206260342561	0.0177196403475
44	581	128	0	0	0	0	0.228602007031	0.228602007031	1167.07003117	0.00429654979706	0.025	0.206261431601	0.0177197884819
45	644	131	0	0	0	0	0.230399996042	0.230399996042	644.010007381	0.0144146003723	0.025	0.207233272285	0.0178521628695
46	341	99	0	0	0	0	0.23219999671	0.23219999671	701.938986778	0.0315879001617	0.025	0.208203166311	0.0179846336344
47	656	132	0	0	0	0	0.250200003386	0.250200003386	559.898018837	0.00613818979263	0.025	0.217742091951	0.0193065841416
48	584	126	0	0	0	0	0.252900004387	0.252900004387	248.868003488	0.00436096000671	0.025	0.219148905739	0.0195044582268
49	259	71	0	0	0	0	0.254700005054	0.254700005054	230.46399653	0.0529393997192	0.025	0.220083445493	0.0196363155437
50	463	114	0	0	0	0	0.255600005388	0.255600005388	572.201013565	0.0341980018616	0.025	0.220549724452	0.0197022267113
51	591	81	0	0	0	0	0.264600008726	0.264600008726	523.945987225	0.00355393004417	0.025	0.225176941953	0.0203607071706
52	286	76	0	0	0	0	0.295199990273	0.295199990273	380.147993565	0.0426621017456	0.025	0.240458319515	0.0225913934007
53	394	107	0	0	0	0	0.295199990273	0.295199990273	713.676989079	0.044870300293	0.025	0.240458319515	0.0225913934007
54	327	95	0	0	0	0	0.300599992275	0.300599992275	650.197982788	0.0443894004822	0.025	0.243087923258	0.0229838094944
55	357	82	2	11	27	0	0.0315000005066	0.308699995279	120.125003159	0.0577986984253	0.025	0.246997170417	0.0235717750632
56	583	124	0	0	0	0	0.308699995279	0.308699995279	1106.51004314	0.00773964977264	0.025	0.246997170417	0.0235717750632
57	370	107	0	0	0	0	0.309599995613	0.309599995613	522.211015224	0.0547820014954	0.025	0.247428984014	0.0236370565922
58	334	82	0	0	0	0	0.312299996614	0.312299996614	517.425000668	0.0585815010071	0.025	0.248721422024	0.0238328443672
59	374	101	2	9	29	0	0.0441000014544	0.336600005627	248.970001936	0.0559025001526	0.025	0.260158773025	0.0255912152304
60	597	74	2	25	41	0	0.00089999998454	0.36179998517	43.018899858	0.000477443009615	0.025	0.271675910457	0.027408016932
61	576	123	2	1	7	0	0.154799997807	0.368999987841	395.828992128	0.00395291996002	0.025	0.274907010731	0.027925922645
62	444	112	0	0	0	0	0.371699988842	0.371699988842	823.423981667	0.0402743988037	0.025	0.276112159841	0.0281200065227
63	593	92	0	0	0	0	0.37349998951	0.37349998951	927.541971207	0.0134398002625	0.025	0.276913647837	0.0282493565868
64	618	133	0	0	0	0	0.383399993181	0.383399993181	1276.37004852	0.00162825000286	0.025	0.281294515613	0.0289602290354
65	606	98	0	0	0	0	0.39509999752	0.39509999752	1004.48000431	0.0180181999207	0.025	0.286413985434	0.0297991702918
66	322	110	0	0	0	0	0.409500002861	0.409500002861	876.981019974	0.0668406982422	0.025	0.292632360018	0.0308300131598
67	388	80	2	3	30	0	0.1412999928	0.423900008202	215.471997857	0.0499775009155	0.025	0.298763858262	0.0318590447662
68	575	125	0	0	0	0	0.423900008202	0.423900008202	826.039016247	0.00527603006363	0.025	0.298763858262	0.0318590447662
69	550	90	0	0	0	0	0.458999991417	0.458999991417	723.833978176	0.0169528007507	0.025	0.313370139394	0.0343601095625
70	233	83	0	0	0	0	0.460799992085	0.460799992085	960.915029049	0.031710899353	0.025	0.314106903934	0.0344881053311
71	267	93	2	31	49	0	0.0441000014544	0.484200000763	311.132997274	0.0692481994629	0.025	0.323582388063	0.0361498119899
72	604	92	0	0	0	0	0.593100011349	0.593100011349	1065.29998779	0.0165510997772	0.025	0.365465818076	0.0438332863052
73	255	87	2	16	23	0	0.326700001955	0.599399983883	663.958013058	0.0275016002655	0.025	0.367790104716	0.044275491097
74	599	102	2	35	60	0	0.0494999997318	0.603900015354	176.1379987	0.00236227989197	0.025	0.369444349616	0.0445912128531
75	249	93	2	8	22	0	0.38069999218	0.632700026035	554.352998734	0.0596016998291	0.025	0.379916989972	0.0466090720058
76	302	85	2	17	52	0	0.22499999404	0.647099971771	378.217995167	0.0392041015625	0.025	0.385081657845	0.0476162629977
77	525	84	2	14	32	0	0.354600012302	0.664200007915	726.131975651	0.00943609046936	0.025	0.391155400026	0.0488108565694
78	472	86	0	0	0	0	0.672299981117	0.672299981117	1831.00998402	0.0273453998566	0.025	0.394010561929	0.0493761746492
79	439	91	0	0	0	0	0.684000015259	0.684000015259	984.925985336	0.04129529953	0.025	0.39811053585	0.0501921503488
80	395	113	2	28	67	0	0.111599996686	0.702000021935	365.420997143	0.0398550987244	0.025	0.404363809861	0.0514461365182
81	600	130	2	36	51	0	0.243900001049	0.710098028183	895.375013351	0.00180492997169	0.025	0.407156139926	0.052009764559
82	362	105	2	55	58	0	0.126000002027	0.746999979019	339.267998934	0.0557481002808	0.025	0.419722603519	0.0545741595919
83	270	100	2	13	70	0	0.195299997926	0.777599990368	586.461007595	0.0674224014282	0.025	0.429955741002	0.0566958056009
84	562	119	2	12	77	0	0.00720001012087	0.791100025177	103.083997965	0.00174382996559	0.025	0.434419031796	0.0576304916837
85	319	88	2	33	76	0	0.0359999984503	0.874800026417	133.108004928	0.0226991004944	0.025	0.461440040504	0.0634082612786
86	518	89	2	37	78	0	0.0693000033498	0.946799993515	222.042992711	0.00413320016861	0.025	0.483865828047	0.0683561871897
87	281	94	2	15	73	0	0.247500002384	0.970200002193	682.277023792	0.0603992996216	0.025	0.491005963762	0.069960145517
88	332	95	2	20	85	0	0.00270000007004	1.01339995861	30.0309006125	0.0133494997025	0.025	0.504009280883	0.0729162515535
89	540	96	2	10	86	0	0.0260997992009	1.08809995651	30.0334002823	0.00390884995461	0.025	0.525982482014	0.0780131563971
90	545	118	2	38	69	0	0.46439999342	1.12860000134	793.825984001	0.0203423995972	0.025	0.537643045127	0.0807691552238
91	455	116	2	6	79	0	0.368099987507	1.15830004215	1246.30999565	0.0259085998535	0.025	0.546088018082	0.0827870705066
92	605	98	2	63	72	0	0.19619999826	1.16279995441	295.884013176	0.00860898971558	0.025	0.547359938418	0.0830925815894
93	277	100	2	71	75	0	0.0864000022411	1.20329999924	189.111992717	0.0534786987305	0.025	0.55872017561	0.0858396062897
94	312	97	2	42	87	0	0.0540000014007	1.23930001259	167.379006743	0.0577960014343	0.025	0.568690373502	0.0882775207936
95	335	99	2	54	88	0	0.00089999998454	1.31490004063	30.0309006125	0.0147055997849	0.025	0.589258217391	0.0933857472565
96	542	120	2	39	89	0	0.154799997807	1.44990003109	523.171007633	0.00246956992149	0.025	0.624845778202	0.102471631918
97	323	106	2	18	94	0	0.0846000015736	1.45169997215	312.83301115	0.0465349998474	0.025	0.625311081934	0.1025924784
98	607	102	2	65	92	0	0.00179999996908	1.55970001221	29.9781002104	0.000904429018497	0.025	0.652821801608	0.109830135198
99	338	101	2	46	95	0	0.386999994516	1.93410003185	837.84198761	0.0444729003906	0.025	0.742775146348	0.134737188818
100	290	106	2	83	93	0	0.241200000048	2.22210001945	561.308026314	0.0601915016174	0.025	0.807287385307	0.153729749479
101	373	103	2	59	99	0	0.00359999993816	2.27430009842	41.8449006975	0.0602612991333	0.025	0.818613055119	0.157158501101
102	608	104	2	74	98	0	0.165600001812	2.32920002937	355.841010809	0.00295903992653	0.025	0.830412879741	0.160760350352
103	378	105	2	21	101	0	0.0953999981284	2.50559997559	293.550997972	0.0482584991455	0.025	0.867595011064	0.172305303768
104	624	129	2	24	102	0	0.312299996614	2.79089999199	677.338004112	0.010901599884	0.025	0.925585556585	0.19089280393
105	381	107	2	82	103	0	0.0755999982357	3.32820010185	239.204004407	0.0408686981201	0.025	1.02871639661	0.225647982305
106	318	108	2	97	100	0	0.048599999398	3.72239995003	215.628996491	0.0578961982727	0.025	1.10018019972	0.250965705101
107	391	109	3	53	57	105	0.312299996614	4.24529981613	611.445009708	0.0518074989319	0.025	1.19046059474	0.284344901175
108	337	110	2	40	106	0	0.35640001297	4.28940010071	660.99101305	0.061370300293	0.025	1.19786517466	0.287150268163
109	423	112	2	4	107	0	0.0873000025749	4.43790006638	279.206991196	0.0429933013916	0.025	1.22257782805	0.296586336109
110	369	111	2	66	108	0	0.0989999994636	4.79790019989	281.044989824	0.0447182998657	0.025	1.28115221084	0.319397230459
111	380	113	2	43	110	0	0.2106000036	5.23710012436	553.02798748	0.0409066009521	0.025	1.35028216227	0.347111361888
112	438	114	3	19	62	109	1.06019997597	5.9984998703	1841.5800333	0.0368261985779	0.025	1.46485823409	0.39488716448
113	398	115	2	80	111	0	0.599399983883	6.53849983215	1090.27004242	0.0414687995911	0.025	1.54261260053	0.428584743777
114	479	116	2	50	112	0	0.607500016689	6.86159992218	1191.650033	0.0249270992279	0.025	1.58790764497	0.448679904711
115	432	117	2	5	113	0	0.687600016594	7.3313999176	1760.59997082	0.0209438991547	0.025	1.65227431051	0.477815310074
116	503	117	2	91	114	0	0.104400001466	8.12430000305	322.937011719	0.026235200882	0.025	1.75728246547	0.526779845876
117	519	118	2	115	116	0	0.101700000465	15.5573997498	312.137007713	0.0184764995575	0.025	2.59496922082	0.976500920457
118	544	119	2	90	117	0	0.708299994469	17.3943004608	1331.36999607	0.0111229000092	0.025	2.77468818507	1.08572319403
119	566	120	2	84	118	0	0.163800001144	18.349199295	444.599986076	0.00696799993515	0.025	2.86510323444	1.14226996677
120	565	121	2	96	119	0	0.311399012804	20.1105003357	418.426990509	0.00361495995522	0.025	3.02707882245	1.24618990352
121	571	122	2	26	120	0	0.453599989414	20.7224998474	1041.00000858	0.00641953992844	0.025	3.08201885578	1.28219043947
122	579	123	2	34	121	0	0.178200006485	21.0923995972	262.008994818	0.00260925006866	0.025	3.114910686	1.30392372489
123	580	124	2	61	122	0	0.224099993706	21.6854991913	318.067997694	0.002489579916	0.025	3.16717206832	1.33873139758
124	582	125	2	56	123	0	0.0837002024055	22.0778999329	129.05600667	0.00229714989662	0.025	3.20143479428	1.36173427548
125	585	126	2	68	124	0	0.0702000036836	22.5720005035	232.086002827	0.00153728997707	0.025	3.24423298153	1.39066986918
126	586	127	2	48	125	0	0.0494999997318	22.8743991852	146.103993058	0.00286123991013	0.025	3.27024147207	1.40836332594
127	590	128	2	2	126	0	0.489601999521	23.4666004181	829.542994499	0.00223641991615	0.025	3.32078005043	1.44297951542
128	609	129	2	44	127	0	0.196200996637	23.8913993835	245.127007365	0.00204320001602	0.025	3.35671877202	1.46778351356
129	620	130	2	104	128	0	0.657898008823	27.3402004242	795.174002647	0.00646436977386	0.025	3.639577912	1.66837666035
130	638	131	2	81	129	0	0.310499995947	28.3607997894	351.947009563	0.00315044999123	0.025	3.72049811421	1.7274880299
131	645	132	2	45	130	0	0.175500005484	28.7667007446	305.191993713	0.00158644998074	0.025	3.75235602439	1.7509673548
132	663	133	2	47	131	0	0.238499999046	29.255399704	599.743008614	0.00096130502224	0.025	3.79047490723	1.77921417809
133	664	0	2	64	132	0	0.109800003469	29.7486000061	124.539002776	0.000916563987732	0.025	3.82868752923	1.80769726981
134	736	318	0	0	0	0	0.101700000465	0.101700000465	44.9806004763	0.0410878982544	0.025	0.126871062599	0.00820894609054
135	779	296	0	0	0	0	0.101700000465	0.101700000465	44.9774004519	0.00134838998318	0.025	0.126871062599	0.00820894609054
136	694	218	0	0	0	0	0.104400001466	0.104400001466	62.7714022994	0.0612723999023	0.025	0.128881418443	0.00841584980104
137	610	242	0	0	0	0	0.106200002134	0.106200002134	45.0373999774	0.0512616996765	0.025	0.130210114146	0.008553636605
138	652	210	0	0	0	0	0.110699996352	0.110699996352	62.7712011337	0.0592472000122	0.025	0.133493023105	0.00889759682317
139	709	293	0	0	0	0	0.11249999702	0.11249999702	44.9795015156	0.0250953006744	0.025	0.13479119106	0.00903498387556
140	715	307	0	0	0	0	0.11249999702	0.11249999702	194.915995002	0.0386257019043	0.025	0.13479119106	0.00903498387556
141	780	332	0	0	0	0	0.114299997687	0.114299997687	62.7688989043	0.036590801239	0.025	0.136081076844	0.00917226105742
142	654	210	0	0	0	0	0.115199998021	0.115199998021	184.468999505	0.0538768997192	0.025	0.136722971078	0.00924085901675
143	782	333	0	0	0	0	0.117899999022	0.117899999022	118.077002466	0.0235918998718	0.025	0.138636723307	0.0094464930166
144	647	240	0	0	0	0	0.11969999969	0.11969999969	134.608998895	0.0538605995178	0.025	0.139902828156	0.00958345125586
145	619	234	0	0	0	0	0.125100001693	0.125100001693	135.110005736	0.0697611999512	0.025	0.143656206419	0.00999371468052
146	698	218	0	0	0	0	0.125100001693	0.125100001693	104.957997799	0.0490569000244	0.025	0.143656206419	0.00999371468052
147	670	251	0	0	0	0	0.126000002027	0.126000002027	146.935001016	0.0594494018555	0.025	0.144275416127	0.0100620048177
148	634	245	0	0	0	0	0.12690000236	0.12690000236	134.945005178	0.059714099884	0.025	0.14489285917	0.0101302705696
149	712	225	0	0	0	0	0.12690000236	0.12690000236	116.810001433	0.0173055000305	0.025	0.14489285917	0.0101302705696
150	685	264	0	0	0	0	0.128700003028	0.128700003028	137.559995055	0.056182800293	0.025	0.146122515037	0.0102667296415
151	743	253	0	0	0	0	0.128700003028	0.128700003028	88.0530998111	0.0431497001648	0.025	0.146122515037	0.0102667296415
152	733	317	0	0	0	0	0.130500003695	0.130500003695	320.062994957	0.0372472000122	0.025	0.147345310646	0.0104030933176
153	673	257	0	0	0	0	0.131400004029	0.131400004029	188.647001982	0.0637206001282	0.025	0.147954177311	0.0104712398154
154	806	283	0	0	0	0	0.131400004029	0.131400004029	152.76299417	0.00133887994289	0.025	0.147954177311	0.0104712398154
155	775	295	0	0	0	0	0.132300004363	0.132300004363	207.934007049	0.00130603003502	0.025	0.148561378116	0.0105393629792
156	739	324	0	0	0	0	0.133200004697	0.133200004697	135.054007173	0.0358672981262	0.025	0.149166928903	0.0106074629755
157	731	316	0	0	0	0	0.134100005031	0.134100005031	287.458986044	0.0383981018066	0.025	0.149770845261	0.0106755399688
158	633	287	0	0	0	0	0.135000005364	0.135000005364	210.599005222	0.0487700996399	0.025	0.150373142526	0.0107435941211
159	760	328	0	0	0	0	0.135000005364	0.135000005364	236.534997821	0.0452296981812	0.025	0.150373142526	0.0107435941211
160	811	243	0	0	0	0	0.136800006032	0.136800006032	128.72800231	0.0302201004028	0.025	0.151572939904	0.0108796345401
161	639	262	0	0	0	0	0.1386000067	0.1386000067	94.542697072	0.0687753982544	0.025	0.152766438929	0.0110155854856
162	816	224	0	0	0	0	0.139500007033	0.139500007033	44.9795983732	0.0221863002777	0.025	0.153360862392	0.0110835277882
163	681	308	0	0	0	0	0.1412999928	0.1412999928	266.597002745	0.0664597015381	0.025	0.154545117177	0.0112193456764
164	776	336	0	0	0	0	0.1412999928	0.1412999928	410.263001919	0.0121427001953	0.025	0.154545117177	0.0112193456764
165	810	282	0	0	0	0	0.142199993134	0.142199993134	320.030003786	0.00215167999268	0.025	0.155134985556	0.0112872226793
166	738	321	0	0	0	0	0.143099993467	0.143099993467	164.62700069	0.036657699585	0.025	0.155723362473	0.0113550782055
167	808	280	0	0	0	0	0.144899994135	0.144899994135	210.527002811	0.00243719005585	0.025	0.15689569419	0.0114907253927
168	803	276	0	0	0	0	0.146699994802	0.146699994802	184.465005994	0.00270840001106	0.025	0.158062214924	0.0116262883509
169	757	237	0	0	0	0	0.147599995136	0.147599995136	146.795004606	0.00813763046265	0.025	0.158643327406	0.0116940385842
170	734	320	0	0	0	0	0.149399995804	0.149399995804	332.0119977	0.0434962005615	0.025	0.159801317471	0.0118294772246
171	795	337	0	0	0	0	0.150299996138	0.150299996138	221.108004451	0.00224393010139	0.025	0.160378218876	0.0118971658929
172	641	263	0	0	0	0	0.152099996805	0.152099996805	293.967992067	0.0522685012817	0.025	0.161527892704	0.0120324825665
173	705	225	0	0	0	0	0.153899997473	0.153899997473	210.522994399	0.0203113002777	0.025	0.162672136995	0.0121677191929
174	622	248	0	0	0	0	0.15569999814	0.15569999814	248.829007149	0.0693056030273	0.025	0.163811040451	0.0123028767548
175	632	256	0	0	0	0	0.156599998474	0.156599998474	291.842013597	0.0640131988525	0.025	0.164378516411	0.0123704261873
176	684	239	0	0	0	0	0.157499998808	0.157499998808	268.745988607	0.0537638015747	0.025	0.164944689318	0.0124379562116
177	789	299	0	0	0	0	0.157499998808	0.157499998808	107.541002333	0.00101292002201	0.025	0.164944689318	0.0124379562116
178	745	253	0	0	0	0	0.161100000143	0.161100000143	164.922997355	0.0441029014587	0.025	0.167196556556	0.0127078845368
179	750	326	0	0	0	0	0.162900000811	0.162900000811	164.62700069	0.0428037986755	0.025	0.168314935973	0.0128427352148
180	765	329	0	0	0	0	0.162900000811	0.162900000811	278.645992279	0.0412825012207	0.025	0.168314935973	0.0128427352148
181	771	292	0	0	0	0	0.164700001478	0.164700001478	308.578014374	0.00135161995888	0.025	0.169428383062	0.0129775114087
182	598	241	0	0	0	0	0.166500002146	0.166500002146	240.612998605	0.0530028991699	0.025	0.17053697313	0.013112213973
183	818	224	0	0	0	0	0.166500002146	0.166500002146	294.010996819	0.018825799942	0.025	0.17053697313	0.013112213973
184	679	298	0	0	0	0	0.16740000248	0.16740000248	405.656993389	0.0639898986816	0.025	0.171089469779	0.0131795379059
185	769	330	0	0	0	0	0.168300002813	0.168300002813	296.397000551	0.0426449012756	0.025	0.171640779532	0.0132468437433
186	777	331	0	0	0	0	0.168300002813	0.168300002813	352.779000998	0.0459715003967	0.025	0.171640779532	0.0132468437433
187	611	242	0	0	0	0	0.169200003147	0.169200003147	62.7707988024	0.0600383987427	0.025	0.172190911266	0.0133141315867
188	723	279	0	0	0	0	0.169200003147	0.169200003147	240.586996078	0.030882900238	0.025	0.172190911266	0.0133141315867
189	812	286	0	0	0	0	0.171000003815	0.171000003815	404.810994864	0.00598138999939	0.025	0.173287675619	0.0134486536929
190	650	240	0	0	0	0	0.17460000515	0.17460000515	207.947999239	0.0506213989258	0.025	0.175467446342	0.0137174863276
191	706	312	0	0	0	0	0.175500005484	0.175500005484	853.53499651	0.034067199707	0.025	0.176009571226	0.0137846509675
192	721	314	0	0	0	0	0.176400005817	0.176400005817	409.987986088	0.0485554008484	0.025	0.176550585192	0.0138517983879
193	693	305	0	0	0	0	0.18449999392	0.18449999392	399.688005447	0.0468672981262	0.025	0.181370987693	0.0144553640901
194	668	251	0	0	0	0	0.188999995589	0.188999995589	283.600002527	0.0600206985474	0.025	0.184012396214	0.0147901030777
195	603	255	0	0	0	0	0.198899999261	0.198899999261	210.592001677	0.0563858985901	0.025	0.189736494843	0.0155251404895
196	717	313	0	0	0	0	0.199799999595	0.199799999595	490.860998631	0.0428891983032	0.025	0.190251151549	0.0155918700062
197	746	325	0	0	0	0	0.202500000596	0.202500000596	410.452008247	0.0337826004028	0.025	0.19178958598	0.0157919686736
198	754	327	0	0	0	0	0.206100001931	0.206100001931	361.999005079	0.0417299003601	0.025	0.193828128223	0.0160585597695
199	797	340	0	0	0	0	0.206100001931	0.206100001931	1018.92995834	0.00332911992073	0.025	0.193828128223	0.0160585597695
200	701	297	0	0	0	0	0.207900002599	0.207900002599	388.3010149	0.0474063987732	0.025	0.194842054893	0.016191767774
201	749	266	0	0	0	0	0.209700003266	0.209700003266	607.711970806	0.0323027000427	0.025	0.195852476149	0.0163249181243
202	616	234	0	0	0	0	0.218700006604	0.218700006604	444.034010172	0.0604682998657	0.025	0.200853443594	0.016989822936
203	687	289	0	0	0	0	0.223199993372	0.223199993372	549.507975578	0.0328250007629	0.025	0.20332300081	0.0173217579241
204	699	303	0	0	0	0	0.223199993372	0.223199993372	553.40898037	0.0483526992798	0.025	0.20332300081	0.0173217579241
205	631	270	0	0	0	0	0.225899994373	0.225899994373	650.03401041	0.0674045028687	0.025	0.204795182548	0.0175207585818
206	623	245	0	0	0	0	0.230399996042	0.230399996042	350.170999765	0.0702637023926	0.025	0.207233272285	0.0178521628695
207	702	252	0	0	0	0	0.238499999046	0.238499999046	313.668012619	0.0232334003448	0.025	0.211574358775	0.0184478797465
208	784	339	0	0	0	0	0.240299999714	0.240299999714	327.051997185	0.00137786996365	0.025	0.212530990624	0.0185801227226
209	640	249	0	0	0	0	0.242100000381	0.242100000381	639.850974083	0.0596549987793	0.025	0.213484760418	0.0187123161783
210	653	273	2	138	142	0	0.0197999998927	0.245700001717	101.859003305	0.0453086013794	0.025	0.215383832299	0.0189765560686
211	655	260	0	0	0	0	0.24660000205	0.24660000205	545.732975006	0.0565125999451	0.025	0.215856857331	0.0190425856878
212	728	315	0	0	0	0	0.252000004053	0.252000004053	522.5020051	0.0322507019043	0.025	0.218680638364	0.0194385119904
213	674	239	0	0	0	0	0.260100007057	0.260100007057	398.952007294	0.0636935997009	0.025	0.222871339219	0.0200316093532
214	752	237	0	0	0	0	0.26550000906	0.26550000906	661.633014679	0.0143664999008	0.025	0.225636174768	0.0204264930057
215	601	255	0	0	0	0	0.269100010395	0.269100010395	302.035987377	0.0517728004456	0.025	0.227466912636	0.0206895252479
216	804	274	0	0	0	0	0.273600012064	0.273600012064	1046.65005207	0.0174939002991	0.025	0.229741616048	0.0210180684954
217	629	265	0	0	0	0	0.277200013399	0.277200013399	370.570003986	0.0676919021606	0.025	0.231550622291	0.0212807084098
218	697	259	2	136	146	0	0.0476999990642	0.277200013399	264.788001776	0.0484477996826	0.025	0.231550622291	0.0212807084098
219	686	301	0	0	0	0	0.287099987268	0.287099987268	626.016020775	0.0587365989685	0.025	0.2364775451	0.0220020937575
220	671	306	0	0	0	0	0.290699988604	0.290699988604	629.114985466	0.0624006004333	0.025	0.238252251358	0.0222641059703
221	660	249	0	0	0	0	0.291599988937	0.291599988937	398.218005896	0.0637309989929	0.025	0.238694551736	0.0223295835989
222	791	334	0	0	0	0	0.294299989939	0.294299989939	569.154977798	0.0160335006714	0.025	0.240018187966	0.0225259559923
223	667	304	0	0	0	0	0.295199990273	0.295199990273	614.754021168	0.0622061004639	0.025	0.240458319515	0.0225913934007
224	815	243	2	162	183	0	0.00719999987632	0.313199996948	59.9728003144	0.0136786003113	0.025	0.249151240503	0.0238980881171
225	707	252	2	149	173	0	0.0368999987841	0.317699998617	149.929001927	0.0206646995544	0.025	0.251292965869	0.0242241668265
226	703	275	0	0	0	0	0.318599998951	0.318599998951	559.414029121	0.0417358016968	0.025	0.251719851204	0.0242893547555
227	595	241	0	0	0	0	0.321299999952	0.321299999952	379.768997431	0.053793598175	0.025	0.252997622289	0.0244848634109
228	820	272	0	0	0	0	0.338400006294	0.338400006294	653.369009495	0.0054170999527	0.025	0.260992616808	0.0257212067755
229	682	259	0	0	0	0	0.341100007296	0.341100007296	619.53997612	0.0640785980225	0.025	0.2622400636	0.0259161293385
230	770	322	0	0	0	0	0.36179998517	0.36179998517	927.388012409	0.0174375	0.025	0.271675910457	0.027408016932
231	753	258	0	0	0	0	0.365399986506	0.365399986506	830.707013607	0.0345892982483	0.025	0.273294644003	0.0276670335711
232	669	294	0	0	0	0	0.371699988842	0.371699988842	607.981979847	0.0686706008911	0.025	0.276112159841	0.0281200065227
233	748	258	0	0	0	0	0.374399989843	0.374399989843	1039.21997547	0.0430942001343	0.025	0.277313812351	0.0283140199221
234	625	248	2	145	202	0	0.0612000003457	0.405000001192	232.027992606	0.0595668983459	0.025	0.290698652753	0.0305080724941
235	602	267	0	0	0	0	0.417600005865	0.417600005865	1071.52998447	0.0491450004578	0.025	0.29609174671	0.0314090620648
236	627	278	0	0	0	0	0.462599992752	0.462599992752	1112.5099659	0.0610483016968	0.025	0.314842518175	0.0346160761028
237	759	268	2	169	214	0	0.0522000007331	0.465299993753	113.715998828	0.00293313002586	0.025	0.315943796404	0.0348079856145
238	763	277	0	0	0	0	0.466199994087	0.466199994087	1588.86003494	0.0139003000259	0.025	0.316310320744	0.0348719430635
239	683	264	2	176	213	0	0.0675000026822	0.485100001097	227.437004447	0.0440617980957	0.025	0.32394312671	0.0362136423603
240	649	284	2	144	190	0	0.214200004935	0.508499979973	637.672007084	0.058876701355	0.025	0.333230364701	0.0378711845682
241	612	267	2	182	227	0	0.0270000007004	0.514800012112	101.89499706	0.0657432022095	0.025	0.335701385301	0.0383167898829
242	613	271	2	137	187	0	0.23939999938	0.514800012112	514.73402977	0.057010799408	0.025	0.335701385301	0.0383167898829
243	814	269	2	160	224	0	0.0710999965668	0.521099984646	827.07798481	0.0107391004562	0.025	0.338160315924	0.0387621184
244	719	310	0	0	0	0	0.536400020123	0.536400020123	1356.37998581	0.0347747001648	0.025	0.344083047155	0.0398425239735
245	635	260	2	148	206	0	0.23219999671	0.589500010014	837.327003479	0.0598093986511	0.025	0.364133214	0.0435804913491
246	594	265	0	0	0	0	0.590399980545	0.590399980545	861.167013645	0.0512463989258	0.025	0.364466658445	0.0436436952135
247	819	269	0	0	0	0	0.611999988556	0.611999988556	833.63199234	0.0130947999954	0.025	0.372409587158	0.0451592103989
248	630	256	2	174	234	0	0.0522000007331	0.612900018692	322.176009417	0.056300201416	0.025	0.372738098276	0.0452223002675
249	665	257	2	209	221	0	0.0953999981284	0.6291000247	480.625003576	0.0588628005981	0.025	0.378618495728	0.0463570950834
250	588	271	0	0	0	0	0.640799999237	0.640799999237	1233.18994045	0.0470390014648	0.025	0.382827833708	0.0471757565781
251	672	285	2	147	194	0	0.342900007963	0.657899975777	979.535996914	0.0436921005249	0.025	0.388925059281	0.0483709228628
252	708	302	2	207	225	0	0.128700003028	0.68489998579	441.971004009	0.0250681991577	0.025	0.39842474069	0.0502548864183
253	744	268	2	151	178	0	0.420300006866	0.710099995136	1792.42002964	0.0269377994537	0.025	0.407156816612	0.0520099014214
254	821	272	0	0	0	0	0.714600026608	0.714600026608	1398.30994606	0.00619345998764	0.025	0.408702995846	0.0523229682248
255	614	262	2	195	215	0	0.261900007725	0.72990000248	747.397005558	0.0678207015991	0.025	0.41393106742	0.0533866528847
256	642	263	2	175	248	0	0.0116999996826	0.781199991703	90.0731980801	0.0429805984497	0.025	0.431148959491	0.0569451334348
257	675	281	2	153	249	0	0.0216000005603	0.782100021839	203.639000654	0.0481320991516	0.025	0.43144693007	0.0570074584707
258	755	266	2	231	233	0	0.0450000017881	0.784799993038	293.592989445	0.0225459003448	0.025	0.432339980515	0.0571944038263
259	696	311	2	218	229	0	0.191699996591	0.810000002384	533.51098299	0.0461091003418	0.025	0.440616763841	0.058937711095
260	658	300	2	211	245	0	0.00359999993816	0.839699983597	73.0364993215	0.0359639015198	0.025	0.450240430655	0.0609888485225
261	621	281	0	0	0	0	0.89099997282	0.89099997282	1820.88005543	0.0553913002014	0.025	0.466548308075	0.0645232601388
262	643	291	2	161	255	0	0.0710999965668	0.939599990845	413.953989744	0.0616999015808	0.025	0.481654704613	0.0678622649003
263	646	270	2	172	256	0	0.068400003016	1.00170004368	275.079011917	0.0647005004883	0.025	0.500509839832	0.0721162780484
264	689	275	2	150	239	0	0.469799995422	1.08360004425	964.751005173	0.0439668998718	0.025	0.52467625837	0.0777066273237
265	628	273	2	217	246	0	0.218700006604	1.08630001545	757.44998455	0.0506878013611	0.025	0.525460259258	0.0778905540125
266	758	277	2	201	258	0	0.108000002801	1.10249996185	940.23001194	0.00935394001007	0.025	0.530148032773	0.0789936443581
267	617	278	2	235	241	0	0.263700008392	1.19609999657	492.439001799	0.0652529983521	0.025	0.556711891214	0.0853515890541
268	762	290	2	237	253	0	0.0216000005603	1.1970000267	131.801992655	0.00126356995106	0.025	0.556963199014	0.0854126012437
269	817	274	2	243	247	0	0.135000005364	1.26810002327	321.992993355	0.00955854988098	0.025	0.576583367973	0.0902252993053
270	651	288	2	205	263	0	0.0423000007868	1.26989996433	193.134993315	0.0496640014648	0.025	0.577074270097	0.0903469574831
271	626	287	2	242	250	0	0.238499999046	1.39409995079	442.975997925	0.0486716995239	0.025	0.610304189821	0.0987214925406
272	805	276	2	228	254	0	0.369899988174	1.42289996147	1409.33001041	0.00326036000252	0.025	0.617838012694	0.100657964915
273	657	288	2	210	265	0	0.127800002694	1.45980000496	613.447010517	0.0520741996765	0.025	0.627402176282	0.103136215002
274	813	286	2	216	269	0	0.0432001017034	1.58490002155	43.0159009993	0.0092488899231	0.025	0.659130073334	0.111515253039
275	718	279	2	226	264	0	0.254700005054	1.65690004826	412.948995829	0.0346646995544	0.025	0.676936280333	0.116322570719
276	802	280	2	168	272	0	0.0998999997973	1.66949999332	365.415006876	0.00206159996986	0.025	0.680020268446	0.117162760866
277	764	290	2	238	266	0	0.17460000515	1.74329996109	502.14600563	0.00210672998428	0.025	0.697900125809	0.12207760794
278	636	284	2	236	267	0	0.144899994135	1.80359995365	419.402986765	0.0604234008789	0.025	0.712285549402	0.126085661457
279	722	309	2	188	275	0	0.00719999987632	1.83329999447	101.819001138	0.0344315986633	0.025	0.71930010983	0.128057304694
280	807	282	2	167	276	0	0.0873000994325	1.90170001984	564.702987671	0.00139225995541	0.025	0.735284161268	0.132592026074
281	677	285	2	257	261	0	0.270000010729	1.94309997559	654.393970966	0.0466293983459	0.025	0.744847032958	0.135332743312
282	809	283	2	165	280	0	0.00270000007004	2.04660010338	73.0013996363	0.00103051996231	0.025	0.768404322752	0.142171923295
283	801	342	2	154	282	0	0.115199998021	2.29320001602	683.201014996	0.00102574002743	0.025	0.822688006496	0.158398963627
284	648	291	2	240	278	0	0.12690000236	2.43899989128	412.887006998	0.0531426010132	0.025	0.85368386454	0.167951423195
285	690	289	2	251	281	0	0.0063000000082	2.60730004311	41.8465994298	0.0374902992249	0.025	0.888555606402	0.178942688339
286	798	338	2	189	274	0	0.882901012897	2.63879990578	1820.09994984	0.00396667003632	0.025	0.894981133369	0.180995856736
287	637	302	2	158	271	0	1.4129999876	2.94210004807	2885.16998291	0.0378330001831	0.025	0.955354308628	0.20070447771
288	661	294	2	270	273	0	0.414900004864	3.14459991455	807.074010372	0.0595741996765	0.025	0.994281235513	0.213805870144
289	691	293	2	203	285	0	0.369899988174	3.20040011406	544.179975986	0.0319526004791	0.025	1.0048299488	0.21740852009
290	761	292	2	268	277	0	0.2825999856	3.22289991379	1240.40997028	0.00136594998837	0.025	1.00906256724	0.218860292004
291	659	300	2	262	284	0	0.0063000000082	3.38490009308	71.8356966972	0.0456311988831	0.025	1.03919612157	0.229298418045
292	773	295	2	181	290	0	0.00270000007004	3.39030003548	71.8299001455	0.000742559015751	0.025	1.04019050426	0.229645914697
293	710	297	2	139	289	0	0.0837000012398	3.39660000801	278.975009918	0.0264841003418	0.025	1.04134982435	0.230051295042
294	676	298	2	232	288	0	0.0207000002265	3.53699994087	90.0724977255	0.0490746994019	0.025	1.06696711901	0.239075898353
295	774	296	2	155	292	0	0.081000097096	3.60360002518	269.19400692	0.00100479996204	0.025	1.07897641853	0.243350503219
296	778	299	2	135	295	0	0.11249999702	3.81780004501	281.053006649	0.00108662998676	0.025	1.11701218734	0.257072142001
297	713	309	2	200	293	0	0.279000014067	3.88350009918	511.27499342	0.0308034000397	0.025	1.12850632279	0.261273071597
298	678	301	2	184	294	0	0.306899994612	4.01130008698	669.709980488	0.0515091018677	0.025	1.15064431505	0.269434616091
299	786	341	2	177	296	0	0.0873000025749	4.0626001358	625.715970993	0.000643682003021	0.025	1.15945113903	0.272707053619
300	662	304	2	260	291	0	0.102600000799	4.32719993591	187.921002507	0.0621394004822	0.025	1.20418768525	0.289553694326
301	692	303	2	219	298	0	0.0441000014544	4.34250020981	131.91999495	0.0450741004944	0.025	1.2067405685	0.290526232405
302	725	319	2	252	287	0	0.832499980927	4.45949983597	1625.12004375	0.034973400116	0.025	1.22614461662	0.29795751332
303	695	305	2	204	301	0	0.117899999022	4.68359994888	299.270987511	0.0467855987549	0.025	1.26275146166	0.312164346707
304	666	306	2	223	300	0	0.347400009632	4.96979999542	643.651008606	0.058212600708	0.025	1.30849886764	0.330258848406
305	704	307	2	193	303	0	0.135900005698	5.00400018692	347.534000874	0.0474028015137	0.025	1.3138941975	0.332417552678
306	680	308	2	220	304	0	0.19619999826	5.45669984818	564.1310215	0.0602790985107	0.025	1.38397435805	0.360924246724
307	714	310	2	140	305	0	0.785700023174	5.90220022202	1342.30005741	0.0369836997986	0.025	1.45070252582	0.38886220784
308	688	311	2	163	306	0	0.319499999285	5.91750001907	611.845016479	0.0550513000488	0.025	1.45295768087	0.389819761135
309	724	319	2	279	297	0	0.331200003624	6.04799985886	640.459001064	0.04542029953	0.025	1.47209916971	0.397982229098
310	729	323	2	244	307	0	0.163800001144	6.60239982605	548.219025135	0.0401966018677	0.025	1.55164046412	0.432562858039
311	700	312	2	259	308	0	0.177300006151	6.9047999382	312.061011791	0.0370205993652	0.025	1.59389850824	0.451363089158
312	711	313	2	191	311	0	0.0819000005722	7.16219997406	161.942005157	0.0490400009155	0.025	1.62928804155	0.467333180599
313	716	314	2	196	312	0	0.163800001144	7.52580022812	281.071007252	0.0436861991882	0.025	1.67842374841	0.489843723805
314	720	315	2	192	313	0	0.904500007629	8.60669994354	1179.84998226	0.0449891014099	0.025	1.81916462294	0.556451510535
315	727	316	2	212	314	0	0.0666000023484	8.92529964447	173.766002059	0.0342879981995	0.025	1.85927524742	0.576002225666
316	730	317	2	157	315	0	0.0225000008941	9.08189964294	113.679997623	0.0429487991333	0.025	1.87878041131	0.585599045328
317	732	318	2	152	316	0	0.097199998796	9.3095998764	227.397993207	0.0431053009033	0.025	1.90690305124	0.599538340125
318	735	323	2	134	317	0	0.223199993372	9.63449954987	574.666976929	0.0347629013062	0.025	1.94655868235	0.619398571143
319	726	320	2	302	309	0	0.411300003529	10.918800354	793.286979198	0.040961101532	0.025	2.09833565108	0.697587476575
320	737	321	2	170	319	0	0.133200004697	11.2013998032	288.075000048	0.0471738014221	0.025	2.13075434837	0.714728631499
321	741	322	2	166	320	0	1.45529997349	12.7997999191	2605.88002205	0.0435424995422	0.025	2.30829820013	0.811288870765
322	768	335	2	230	321	0	0.473399996758	13.6350002289	1030.85005283	0.0224468002319	0.025	2.39752472198	0.861499219893
323	740	324	2	310	318	0	0.00540000014007	16.2423000336	41.8463982642	0.0273330001831	0.025	2.66292246533	1.01729673039
324	742	325	2	156	323	0	0.212400004268	16.5879001617	448.888987303	0.0376894989014	0.025	2.69677586024	1.0378494
325	747	326	2	197	324	0	0.251100003719	17.0415000916	631.259977818	0.0482675018311	0.025	2.74078328526	1.06479236057
326	751	327	2	179	325	0	0.194399997592	17.3987998962	575.48302412	0.0507109985352	0.025	2.7751188049	1.08598999719
327	756	328	2	198	326	0	0.120600000024	17.7255001068	348.161995411	0.0488063011169	0.025	2.80626773277	1.10535318959
328	766	329	2	159	327	0	0.00359999993816	17.8640995026	60.048699379	0.026577299118	0.025	2.81941289541	1.11356242748
329	767	330	2	180	328	0	0.0891000032425	18.1161003113	374.606013298	0.0434037017822	0.025	2.84320932209	1.12848028805
330	772	331	2	185	329	0	0.101700000465	18.386100769	258.626013994	0.0432624015808	0.025	2.86855899442	1.14445217977
331	781	332	2	186	330	0	0.128700003028	18.6830997467	447.607010603	0.0276688995361	0.025	2.89627212076	1.16200763675
332	783	333	2	141	331	0	0.130500003695	18.9279003143	335.44498682	0.0281051006317	0.025	2.91898234582	1.17646717548
333	785	334	2	143	332	0	0.126000002027	19.1718006134	317.317008972	0.0237702007294	0.025	2.94149250781	1.19086424202
334	790	335	2	222	333	0	0.910799980164	20.3768997192	1767.9899931	0.0216595993042	0.025	3.05107490061	1.26186733774
335	788	336	2	322	334	0	0.419400006533	34.4313011169	814.795017242	0.00470260000229	0.025	4.17967068336	2.07700842982
336	787	337	2	164	335	0	0.159299999475	34.7318992615	401.039004326	0.00322847008705	0.025	4.20152666322	2.09423108929
337	794	338	2	171	336	0	0.205200001597	35.0873985291	378.448992968	0.0020123898983	0.025	4.22727699467	2.11458967649
338	793	339	2	286	337	0	0.0837000980973	37.8098983765	235.958993435	0.00200160002708	0.025	4.42113025647	2.27016660638
339	792	340	2	208	338	0	0.0540000014007	38.1041984558	203.630998731	0.00355475997925	0.025	4.44174582279	2.28695008256
340	796	341	2	199	339	0	0.686699986458	38.9970016479	1490.05997181	0.00129594004154	0.025	4.50389994932	2.33782582834
341	799	342	2	299	340	0	0.0450000017881	43.104598999	173.642992973	0.00143165004253	0.025	4.78282146724	2.57116486718
342	800	0	2	283	341	0	0.0135000003502	45.4113006592	122.735999525	0.00257912993431	0.025	4.93478651118	2.70170695266
343	69	621	0	0	0	0	0.101700000465	0.101700000465	64.5288005471	0.034631401062	0.025	0.126871062599	0.00820894609054
344	260	603	0	0	0	0	0.101700000465	0.101700000465	45.0564995408	0.0205174999237	0.025	0.126871062599	0.00820894609054
345	137	757	0	0	0	0	0.102600000799	0.102600000799	45.0528003275	0.0476035995483	0.025	0.127543527098	0.00827794415806
346	120	754	0	0	0	0	0.103500001132	0.103500001132	45.0528003275	0.0421992988586	0.025	0.128213636171	0.00834691196949
347	418	771	0	0	0	0	0.103500001132	0.103500001132	104.909002781	0.00153554999828	0.025	0.128213636171	0.00834691196949
348	310	772	0	0	0	0	0.1053000018	0.1053000018	44.9592992663	0.0174836006165	0.025	0.129546901948	0.00848475792402
349	140	710	0	0	0	0	0.108000002801	0.108000002801	74.9986022711	0.0330357017517	0.025	0.131529831693	0.00869130668419
350	253	785	0	0	0	0	0.108000002801	0.108000002801	107.546001673	0.0383909988403	0.025	0.131529831693	0.00869130668419
351	73	640	0	0	0	0	0.108900003135	0.108900003135	45.0541004539	0.0225547008514	0.025	0.132186389237	0.00876009859284
352	116	671	0	0	0	0	0.108900003135	0.108900003135	218.327999115	0.0250237007141	0.025	0.132186389237	0.00876009859284
353	189	652	0	0	0	0	0.108900003135	0.108900003135	62.7638995647	0.039237701416	0.025	0.132186389237	0.00876009859284
354	450	597	0	0	0	0	0.108900003135	0.108900003135	92.7989035845	0.000866068005562	0.025	0.132186389237	0.00876009859284
355	2	632	0	0	0	0	0.110699996352	0.110699996352	105.066999793	0.0144764995575	0.025	0.133493023105	0.00889759682317
356	51	576	0	0	0	0	0.111599996686	0.111599996686	44.9615009129	0.0241140995026	0.025	0.134143154005	0.00896630419903
357	292	506	0	0	0	0	0.111599996686	0.111599996686	87.9824981093	0.0208680992126	0.025	0.134143154005	0.00896630419903
358	480	634	0	0	0	0	0.111599996686	0.111599996686	254.77001071	0.000963172972202	0.025	0.134143154005	0.00896630419903
359	538	787	0	0	0	0	0.111599996686	0.111599996686	148.084998131	0.00752150011063	0.025	0.134143154005	0.00896630419903
360	34	534	0	0	0	0	0.11249999702	0.11249999702	204.078003764	0.0248166007996	0.025	0.13479119106	0.00903498387556
361	53	558	0	0	0	0	0.113399997354	0.113399997354	124.479003251	0.0470694007874	0.025	0.135437157684	0.00910363608541
362	123	599	0	0	0	0	0.113399997354	0.113399997354	158.63700211	0.0385371017456	0.025	0.135437157684	0.00910363608541
363	136	641	0	0	0	0	0.113399997354	0.113399997354	154.51399982	0.0370505981445	0.025	0.135437157684	0.00910363608541
364	416	665	0	0	0	0	0.113399997354	0.113399997354	45.052498579	0.0146219997406	0.025	0.135437157684	0.00910363608541
365	179	729	0	0	0	0	0.114299997687	0.114299997687	154.449000955	0.0203826007843	0.025	0.136081076844	0.00917226105742
366	279	637	0	0	0	0	0.114299997687	0.114299997687	154.514998198	0.016859500885	0.025	0.136081076844	0.00917226105742
367	429	535	0	0	0	0	0.114299997687	0.114299997687	64.5306035876	0.00245745992661	0.025	0.136081076844	0.00917226105742
368	84	673	0	0	0	0	0.116099998355	0.116099998355	124.605998397	0.0446991996765	0.025	0.137362862497	0.00930943018494
369	151	727	0	0	0	0	0.116099998355	0.116099998355	278.575003147	0.0279783000946	0.025	0.137362862497	0.00930943018494
370	474	591	0	0	0	0	0.116099998355	0.116099998355	104.60100323	0.000670719981194	0.025	0.137362862497	0.00930943018494
371	43	566	0	0	0	0	0.116999998689	0.116999998689	150.563001633	0.0300835990906	0.025	0.138000772806	0.00937797478002
372	44	566	0	0	0	0	0.116999998689	0.116999998689	134.644001722	0.0281818008423	0.025	0.138000772806	0.00937797478002
373	165	607	0	0	0	0	0.117899999022	0.117899999022	164.858996868	0.0433339004517	0.025	0.138636723307	0.0094464930166
374	361	638	0	0	0	0	0.117899999022	0.117899999022	177.973002195	0.0197359008789	0.025	0.138636723307	0.0094464930166
375	133	611	0	0	0	0	0.11969999969	0.11969999969	116.938002408	0.0248640003204	0.025	0.139902828156	0.00958345125586
376	155	684	0	0	0	0	0.120600000024	0.120600000024	227.452993393	0.0484203987122	0.025	0.1405330232	0.00965189167126
377	344	656	0	0	0	0	0.120600000024	0.120600000024	218.262001872	0.0102124004364	0.025	0.1405330232	0.00965189167126
378	559	588	0	0	0	0	0.120600000024	0.120600000024	134.580001235	0.0160083007813	0.025	0.1405330232	0.00965189167126
379	82	574	0	0	0	0	0.122400000691	0.122400000691	320.24499774	0.0256198005676	0.025	0.141787797553	0.00978869610173
380	251	630	0	0	0	0	0.123300001025	0.123300001025	242.459997535	0.0220491008759	0.025	0.142412415421	0.00985706051093
381	457	799	0	0	0	0	0.123300001025	0.123300001025	117.955997586	0.000780309021473	0.025	0.142412415421	0.00985706051093
382	40	587	0	0	0	0	0.124200001359	0.124200001359	281.27399087	0.0299584999084	0.025	0.143035212227	0.00992539997394
383	400	550	0	0	0	0	0.124200001359	0.124200001359	62.7619028091	0.00157567000389	0.025	0.143035212227	0.00992539997394
384	263	579	0	0	0	0	0.125100001693	0.125100001693	159.793004394	0.0193425006866	0.025	0.143656206419	0.00999371468052
385	508	549	0	0	0	0	0.125100001693	0.125100001693	499.650001526	0.000790579020977	0.025	0.143656206419	0.00999371468052
386	567	616	0	0	0	0	0.126000002027	0.126000002027	195.234999061	0.00473692989349	0.025	0.144275416127	0.0100620048177
387	159	712	0	0	0	0	0.12690000236	0.12690000236	250.896006823	0.0385101013184	0.025	0.14489285917	0.0101302705696
388	218	749	0	0	0	0	0.12690000236	0.12690000236	214.39999342	0.0310699005127	0.025	0.14489285917	0.0101302705696
389	134	611	0	0	0	0	0.127800002694	0.127800002694	107.548996806	0.0240620994568	0.025	0.145508553067	0.0101985121179
390	331	586	0	0	0	0	0.127800002694	0.127800002694	45.0512990355	0.0242842006683	0.025	0.145508553067	0.0101985121179
391	328	553	0	0	0	0	0.127800002694	0.127800002694	195.242002606	0.0119582004547	0.025	0.145508553067	0.0101985121179
392	428	589	0	0	0	0	0.127800002694	0.127800002694	207.045003772	0.00134183001518	0.025	0.145508553067	0.0101985121179
393	89	744	0	0	0	0	0.128700003028	0.128700003028	254.857987165	0.0422892990112	0.025	0.146122515037	0.0102667296415
394	231	666	0	0	0	0	0.128700003028	0.128700003028	253.591001034	0.0321842002869	0.025	0.146122515037	0.0102667296415
395	466	595	0	0	0	0	0.128700003028	0.128700003028	148.145005107	0.00294232010841	0.025	0.146122515037	0.0102667296415
396	148	717	0	0	0	0	0.129600003362	0.129600003362	240.679994226	0.0433694000244	0.025	0.146734762013	0.0103349233168
397	71	643	0	0	0	0	0.130500003695	0.130500003695	252.35798955	0.0369602012634	0.025	0.147345310646	0.0104030933176
398	199	584	0	0	0	0	0.130500003695	0.130500003695	361.914992332	0.0349305000305	0.025	0.147345310646	0.0104030933176
399	558	544	0	0	0	0	0.130500003695	0.130500003695	161.130994558	0.00250108003616	0.025	0.147345310646	0.0104030933176
400	118	583	0	0	0	0	0.131400004029	0.131400004029	233.972996473	0.0380301017761	0.025	0.147954177311	0.0104712398154
401	316	553	0	0	0	0	0.134100005031	0.134100005031	347.847014666	0.013519200325	0.025	0.149770845261	0.0106755399688
402	184	628	0	0	0	0	0.135000005364	0.135000005364	373.492985964	0.0182971000671	0.025	0.150373142526	0.0107435941211
403	7	644	0	0	0	0	0.135900005698	0.135900005698	191.168993711	0.0233337993622	0.025	0.15097383579	0.0108116255923
404	243	602	0	0	0	0	0.135900005698	0.135900005698	207.892000675	0.0364165000916	0.025	0.15097383579	0.0108116255923
405	280	506	0	0	0	0	0.135900005698	0.135900005698	238.249003887	0.0279479007721	0.025	0.15097383579	0.0108116255923
406	42	558	0	0	0	0	0.136800006032	0.136800006032	355.982989073	0.0289577999115	0.025	0.151572939904	0.0108796345401
407	212	610	0	0	0	0	0.136800006032	0.136800006032	45.0517013669	0.036432598114	0.025	0.151572939904	0.0108796345401
408	104	619	0	0	0	0	0.1386000067	0.1386000067	356.687009335	0.0276849002838	0.025	0.152766438929	0.0110155854856
409	336	775	0	0	0	0	0.1386000067	0.1386000067	408.944010735	0.017033700943	0.025	0.152766438929	0.0110155854856
410	365	762	0	0	0	0	0.1386000067	0.1386000067	257.420986891	0.00165068995953	0.025	0.152766438929	0.0110155854856
411	150	573	0	0	0	0	0.139500007033	0.139500007033	271.984010935	0.0324995002747	0.025	0.153360862392	0.0110835277882
412	564	588	0	0	0	0	0.139500007033	0.139500007033	197.595998645	0.0144970998764	0.025	0.153360862392	0.0110835277882
413	175	705	0	0	0	0	0.140400007367	0.140400007367	339.673995972	0.0531823997498	0.025	0.153953753824	0.0111514481773
414	183	698	0	0	0	0	0.1412999928	0.1412999928	440.030008554	0.0564071006775	0.025	0.154545117177	0.0112193456764
415	329	586	0	0	0	0	0.142199993134	0.142199993134	86.8944972754	0.0283967990875	0.025	0.155134985556	0.0112872226793
416	512	784	0	0	0	0	0.142199993134	0.142199993134	308.952003717	0.00106564998627	0.025	0.155134985556	0.0112872226793
417	63	687	0	0	0	0	0.143099993467	0.143099993467	146.819993854	0.0468525009155	0.025	0.155723362473	0.0113550782055
418	174	703	0	0	0	0	0.143099993467	0.143099993467	154.458001256	0.0489011993408	0.025	0.155723362473	0.0113550782055
419	115	718	0	0	0	0	0.144899994135	0.144899994135	294.786989689	0.0305358009338	0.025	0.15689569419	0.0114907253927
420	201	690	0	0	0	0	0.144899994135	0.144899994135	244.379997253	0.0245755004883	0.025	0.15689569419	0.0114907253927
421	1	667	0	0	0	0	0.146699994802	0.146699994802	307.081997395	0.0284780006409	0.025	0.158062214924	0.0116262883509
422	187	721	0	0	0	0	0.146699994802	0.146699994802	313.708990812	0.0525942993164	0.025	0.158062214924	0.0116262883509
423	59	686	0	0	0	0	0.147599995136	0.147599995136	164.618000388	0.0301201992035	0.025	0.158643327406	0.0116940385842
424	561	631	0	0	0	0	0.14849999547	0.14849999547	297.811001539	0.00539285993576	0.025	0.159223024256	0.011761768165
425	493	570	0	0	0	0	0.149399995804	0.149399995804	238.273993134	0.00137051999569	0.025	0.159801317471	0.0118294772246
426	305	753	0	0	0	0	0.150299996138	0.150299996138	490.682005882	0.0233311004639	0.025	0.160378218876	0.0118971658929
427	76	700	0	0	0	0	0.15569999814	0.15569999814	446.144998074	0.0381839981079	0.025	0.163811040451	0.0123028767548
428	111	624	0	0	0	0	0.15569999814	0.15569999814	412.560999393	0.0295494995117	0.025	0.163811040451	0.0123028767548
429	130	599	0	0	0	0	0.157499998808	0.157499998808	160.979002714	0.0360876998901	0.025	0.164944689318	0.0124379562116
430	108	636	0	0	0	0	0.158399999142	0.158399999142	167.552992702	0.0557036018372	0.025	0.165509569585	0.0125054669444
431	222	758	0	0	0	0	0.160199999809	0.160199999809	323.958992958	0.0368637008667	0.025	0.16663549314	0.0126404309939
432	464	591	0	0	0	0	0.161100000143	0.161100000143	429.702013731	0.000533518016338	0.025	0.167196556556	0.0127078845368
433	83	674	0	0	0	0	0.162000000477	0.162000000477	566.134989262	0.0203465995789	0.025	0.16775636759	0.0127753192405
434	10	644	0	0	0	0	0.162900000811	0.162900000811	104.607000947	0.0232287006378	0.025	0.168314935973	0.0128427352148
435	413	739	0	0	0	0	0.163800001144	0.163800001144	350.331008434	0.00153209996223	0.025	0.168872271305	0.0129101325684
436	190	584	0	0	0	0	0.164700001478	0.164700001478	398.537009954	0.0320783004761	0.025	0.169428383062	0.0129775114087
437	411	807	0	0	0	0	0.16740000248	0.16740000248	489.452004433	0.00285238003731	0.025	0.171089469779	0.0131795379059
438	200	736	0	0	0	0	0.171900004148	0.171900004148	380.178004503	0.0281606998444	0.025	0.173834325433	0.0135158881532
439	483	716	0	0	0	0	0.171900004148	0.171900004148	350.048005581	0.00420291996002	0.025	0.173834325433	0.0135158881532
440	425	773	0	0	0	0	0.173700004816	0.173700004816	533.397018909	0.00293566989899	0.025	0.174924202516	0.0136503043749
441	496	608	0	0	0	0	0.175500005484	0.175500005484	250.900000334	0.000818961977959	0.025	0.176009571226	0.0137846509675
442	86	714	0	0	0	0	0.176400005817	0.176400005817	453.363001347	0.0403981018066	0.025	0.176550585192	0.0138517983879
443	339	776	0	0	0	0	0.176400005817	0.176400005817	513.058006763	0.00976319980621	0.025	0.176550585192	0.0138517983879
444	145	645	0	0	0	0	0.177300006151	0.177300006151	304.603993893	0.0368488006592	0.025	0.177090496167	0.0139189286809
445	196	713	0	0	0	0	0.177300006151	0.177300006151	409.943014383	0.0548686981201	0.025	0.177090496167	0.0139189286809
446	95	658	0	0	0	0	0.178200006485	0.178200006485	635.89900732	0.0221343994141	0.025	0.177629311983	0.0139860419379
447	27	615	0	0	0	0	0.179100006819	0.179100006819	529.792010784	0.0301982002258	0.025	0.178167040375	0.0140531382491
448	211	660	0	0	0	0	0.179100006819	0.179100006819	296.665996313	0.0375800018311	0.025	0.178167040375	0.0140531382491
449	261	697	0	0	0	0	0.180000007153	0.180000007153	350.189000368	0.0306856994629	0.025	0.178703688986	0.014120217704
450	287	748	0	0	0	0	0.180000007153	0.180000007153	542.868971825	0.0187828006744	0.025	0.178703688986	0.014120217704
451	306	651	0	0	0	0	0.183599993587	0.183599993587	639.380991459	0.00788784980774	0.025	0.180839626486	0.0143883676072
452	470	801	0	0	0	0	0.183599993587	0.183599993587	309.668004513	0.00084523999691	0.025	0.180839626486	0.0143883676072
453	8	627	0	0	0	0	0.185399994254	0.185399994254	105.120003223	0.0293304004669	0.025	0.181901313103	0.0145223442344
454	273	635	0	0	0	0	0.186299994588	0.186299994588	446.617007256	0.0143416996002	0.025	0.182430609749	0.0145893081233
455	364	633	0	0	0	0	0.187199994922	0.187199994922	398.550987244	0.00817597007751	0.025	0.182958884582	0.0146562558391
456	36	626	0	0	0	0	0.188100993633	0.188100993633	240.675002337	0.0276832008362	0.025	0.183486728805	0.0147232617026
457	149	735	0	0	0	0	0.188099995255	0.188099995255	463.91800046	0.047518901825	0.025	0.183486144473	0.0147231874637
458	376	655	0	0	0	0	0.188999995589	0.188999995589	254.552006721	0.0274582996368	0.025	0.184012396214	0.0147901030777
459	393	793	0	0	0	0	0.190799996257	0.190799996257	344.720005989	0.00493171977997	0.025	0.185061902029	0.0149238865937
460	387	680	0	0	0	0	0.192599996924	0.192599996924	636.426985264	0.0172189998627	0.025	0.186107454836	0.0150576070181
461	271	767	0	0	0	0	0.195299997926	0.195299997926	440.304994583	0.0183647003174	0.025	0.187668484775	0.015258070709
462	547	797	0	0	0	0	0.195299997926	0.195299997926	465.169996023	0.00369115996361	0.025	0.187668484775	0.015258070709
463	57	657	0	0	0	0	0.19619999826	0.19619999826	501.312971115	0.0173659992218	0.025	0.188186906786	0.0153248610566
464	541	818	0	0	0	0	0.197999998927	0.197999998927	338.997006416	0.00332151007652	0.025	0.189220905784	0.0154583958738
465	31	534	0	0	0	0	0.198899999261	0.198899999261	292.753010988	0.0328956985474	0.025	0.189736494843	0.0155251404895
466	197	653	0	0	0	0	0.198899999261	0.198899999261	473.749011755	0.0200900993347	0.025	0.189736494843	0.0155251404895
467	401	535	0	0	0	0	0.198899999261	0.198899999261	554.446995258	0.00338767004013	0.025	0.189736494843	0.0155251404895
468	23	654	0	0	0	0	0.200699999928	0.200699999928	530.255019665	0.0293992996216	0.025	0.190764881777	0.0156585844954
469	167	746	0	0	0	0	0.201600000262	0.201600000262	300.734996796	0.0400932006836	0.025	0.191277691337	0.0157252840278
470	229	755	0	0	0	0	0.201600000262	0.201600000262	488.081008196	0.0181107006073	0.025	0.191277691337	0.0157252840278
471	465	678	0	0	0	0	0.201600000262	0.201600000262	509.382009506	0.00138952994347	0.025	0.191277691337	0.0157252840278
472	434	808	0	0	0	0	0.204300001264	0.204300001264	669.373989105	0.00231388998032	0.025	0.1928106532	0.0159252935822
473	66	675	0	0	0	0	0.2106000036	0.2106000036	506.304979324	0.032401599884	0.025	0.196356385423	0.0163914718419
474	138	681	0	0	0	0	0.214200004935	0.214200004935	470.277994871	0.0430003013611	0.025	0.198363466975	0.0166575451507
475	3	632	0	0	0	0	0.215100005269	0.215100005269	407.573997974	0.01507310009	0.025	0.198863123706	0.0167240284011
476	101	711	0	0	0	0	0.216000005603	0.216000005603	323.987990618	0.0249237995148	0.025	0.199361944887	0.0167904977442
477	390	670	0	0	0	0	0.216000005603	0.216000005603	373.789012432	0.0174936008453	0.025	0.199361944887	0.0167904977442
478	460	595	0	0	0	0	0.216000005603	0.216000005603	314.334005117	0.00557043981552	0.025	0.199361944887	0.0167904977442
479	557	544	0	0	0	0	0.219600006938	0.219600006938	496.071010828	0.00374254989624	0.025	0.201348970797	0.0170562372535
480	221	630	0	0	0	0	0.221399992704	0.221399992704	671.75000906	0.0252525997162	0.025	0.202337586634	0.0171890240232
481	430	605	0	0	0	0	0.222299993038	0.222299993038	621.05101347	0.0183885002136	0.025	0.202830692677	0.017255397691
482	572	590	0	0	0	0	0.224099993706	0.224099993706	400.994986296	0.00412187004089	0.025	0.203814515535	0.0173881047794
483	247	763	0	0	0	0	0.22499999404	0.22499999404	619.43000555	0.0165555992126	0.025	0.20430524131	0.0174544383133
484	169	584	0	0	0	0	0.227699995041	0.227699995041	864.722013474	0.0348936004639	0.025	0.205772728863	0.0176533595441
485	283	774	0	0	0	0	0.227699995041	0.227699995041	525.240004063	0.0256916007996	0.025	0.205772728863	0.0176533595441
486	515	730	0	0	0	0	0.227699995041	0.227699995041	345.402985811	0.0166385993958	0.025	0.205772728863	0.0176533595441
487	300	715	0	0	0	0	0.23219999671	0.23219999671	485.653012991	0.0237646999359	0.025	0.208203166311	0.0179846336344
488	467	613	0	0	0	0	0.233999997377	0.233999997377	788.560986519	0.000415242999792	0.025	0.209170057534	0.0181170530635
489	226	649	0	0	0	0	0.236699998379	0.236699998379	504.507005215	0.0239211006165	0.025	0.210614834583	0.0183155868575
490	109	583	0	0	0	0	0.238499999046	0.238499999046	374.101996422	0.0489095001221	0.025	0.211574358775	0.0184478797465
491	511	794	0	0	0	0	0.238500997424	0.238500997424	519.209980965	0.00112467002869	0.025	0.211574890174	0.0184479531095
492	24	601	0	0	0	0	0.240299999714	0.240299999714	667.872011662	0.0256441993713	0.025	0.212530990624	0.0185801227226
493	363	550	0	0	0	0	0.241200000048	0.241200000048	1104.56001759	0.00413916015625	0.025	0.213008231406	0.0186462256162
494	435	701	0	0	0	0	0.243000000715	0.243000000715	813.829004765	0.00999067974091	0.025	0.21396058136	0.018778394457
495	497	549	0	0	0	0	0.245700001717	0.245700001717	798.842012882	0.00121671998501	0.025	0.215383832299	0.0189765560686
496	345	779	0	0	0	0	0.249300003052	0.249300003052	592.209994793	0.0147416000366	0.025	0.217271806162	0.0192406024403
497	28	615	0	0	0	0	0.250200003386	0.250200003386	367.32301116	0.0407769012451	0.025	0.217742091951	0.0193065841416
498	570	590	0	0	0	0	0.253800004721	0.253800004721	728.219985962	0.0099182100296	0.025	0.219616507014	0.01957039273
499	18	662	0	0	0	0	0.257400006056	0.257400006056	829.438984394	0.0248491001129	0.025	0.221480316781	0.01983401428
500	486	678	0	0	0	0	0.260100007057	0.260100007057	529.331028461	0.00140404999256	0.025	0.222871339219	0.0200316093532
501	234	764	0	0	0	0	0.261000007391	0.261000007391	453.191012144	0.0357813987732	0.025	0.223333728343	0.0200974515374
502	240	725	0	0	0	0	0.261900007725	0.261900007725	548.252999783	0.0386523017883	0.025	0.223795480127	0.0201632823704
503	424	589	0	0	0	0	0.262800008059	0.262800008059	427.837014198	0.00125987994671	0.025	0.224256597635	0.0202291018932
504	207	593	0	0	0	0	0.263700008392	0.263700008392	726.563990116	0.0286947002411	0.025	0.224717083906	0.0202949101465
505	227	593	0	0	0	0	0.269100010395	0.269100010395	343.854993582	0.0260643005371	0.025	0.227466912636	0.0206895252479
506	295	768	2	357	405	0	0.0216000005603	0.269100010395	235.917001963	0.0152160997391	0.025	0.227466912636	0.0206895252479
507	17	693	0	0	0	0	0.270900011063	0.270900011063	577.66699791	0.0224832992554	0.025	0.228378606136	0.0208209752572
508	209	745	0	0	0	0	0.276300013065	0.276300013065	784.442007542	0.0213381996155	0.025	0.231099256156	0.0212150645061
509	491	625	0	0	0	0	0.278100013733	0.278100013733	489.580005407	0.00132980000973	0.025	0.232001402616	0.0213463416579
510	454	613	0	0	0	0	0.2799000144	0.2799000144	1017.13001728	0.000563970983028	0.025	0.232901216422	0.0214775763317
511	79	604	0	0	0	0	0.280800014734	0.280800014734	530.423998833	0.0464884986877	0.025	0.233350255148	0.0215431778291
512	372	620	0	0	0	0	0.283499985933	0.283499985933	1123.96001816	0.0110291996002	0.025	0.234693914849	0.0217399172178
513	102	733	0	0	0	0	0.285299986601	0.285299986601	1110.79001427	0.0408568000793	0.025	0.235586855302	0.0218710261642
514	492	570	0	0	0	0	0.285299986601	0.285299986601	230.119004846	0.00151019001007	0.025	0.235586855302	0.0218710261642
515	487	803	0	0	0	0	0.286199986935	0.286199986935	559.9629879	0.000313174009323	0.025	0.236032480293	0.0219365651129
516	478	647	0	0	0	0	0.290699988604	0.290699988604	847.164988518	0.00431531000137	0.025	0.238252251358	0.0222641059703
517	61	574	0	0	0	0	0.292499989271	0.292499989271	644.118010998	0.0236390991211	0.025	0.2391363064	0.0223950511237
518	54	643	0	0	0	0	0.293399989605	0.293399989605	506.242990494	0.0335245018005	0.025	0.2395775177	0.0224605085774
519	356	765	0	0	0	0	0.294299989939	0.294299989939	914.68501091	0.00213491010666	0.025	0.240018187966	0.0225259559923
520	208	648	0	0	0	0	0.29699999094	0.29699999094	746.547996998	0.0377872009277	0.025	0.241336975634	0.0227222383259
521	443	605	0	0	0	0	0.29699999094	0.29699999094	626.828014851	0.0112264995575	0.025	0.241336975634	0.0227222383259
522	135	573	0	0	0	0	0.301499992609	0.301499992609	937.714993954	0.035793598175	0.025	0.2435243472	0.023049177743
523	5	722	0	0	0	0	0.305099993944	0.305099993944	506.73699379	0.0212738990784	0.025	0.245264856643	0.0233105534842
524	185	732	0	0	0	0	0.308699995279	0.308699995279	737.85597086	0.0317873001099	0.025	0.246997170417	0.0235717750632
525	25	576	0	0	0	0	0.311399996281	0.311399996281	825.734019279	0.0267099990845	0.025	0.248291107789	0.0237675912154
526	80	604	0	0	0	0	0.312299996614	0.312299996614	501.645982265	0.0535346984863	0.025	0.248721422024	0.0238328443672
527	235	602	0	0	0	0	0.317699998617	0.317699998617	422.179996967	0.0341562995911	0.025	0.251292965869	0.0242241668265
528	317	802	0	0	0	0	0.318599998951	0.318599998951	849.144995213	0.00659713983536	0.025	0.251719851204	0.0242893547555
529	458	709	0	0	0	0	0.319499999285	0.319499999285	825.589001179	0.00540532016754	0.025	0.252146254455	0.0243545334777
530	405	806	0	0	0	0	0.320399999619	0.320399999619	370.956003666	0.00442537021637	0.025	0.252572177521	0.0244197030205
531	41	675	0	0	0	0	0.321299999952	0.321299999952	1094.24996376	0.0253068008423	0.025	0.252997622289	0.0244848634109
532	350	668	0	0	0	0	0.324000000954	0.324000000954	1126.57999992	0.00561224985123	0.025	0.254271105494	0.024680289936
533	225	579	0	0	0	0	0.328500002623	0.328500002623	730.967998505	0.022474899292	0.025	0.256384184077	0.0250058202456
534	33	601	2	360	465	0	0.0197999998927	0.331200003624	161.753997207	0.0314067001343	0.025	0.257646474427	0.0252010312365
535	427	769	2	367	467	0	0.0197999998927	0.333000004292	149.868994951	0.00277012991905	0.025	0.258485715376	0.0253311276583
536	517	813	0	0	0	0	0.338400006294	0.338400006294	541.001975536	0.0014978300333	0.025	0.260992616808	0.0257212067755
537	248	747	0	0	0	0	0.345600008965	0.345600008965	1132.94005394	0.0177677993774	0.025	0.264310399655	0.0262408291875
538	113	641	0	0	0	0	0.347400009632	0.347400009632	502.811014652	0.0383000984192	0.025	0.265135511637	0.0263706497931
539	516	664	0	0	0	0	0.348300009966	0.348300009966	862.22499609	0.0103177995682	0.025	0.265547426237	0.026435547474
540	97	724	0	0	0	0	0.3492000103	0.3492000103	898.687005043	0.0331230010986	0.025	0.265958915304	0.0265004367707
541	359	777	0	0	0	0	0.350100010633	0.350100010633	660.103976727	0.0115774002075	0.025	0.266369980374	0.0265653177059
542	177	696	0	0	0	0	0.351900011301	0.351900011301	785.453975201	0.0500512008667	0.025	0.267190844612	0.026695054582
543	498	811	0	0	0	0	0.355500012636	0.355500012636	742.262005806	0.00284764003754	0.025	0.268827551599	0.0269544289813
544	556	796	2	399	479	0	0.00810000021011	0.358200013638	29.9752000719	0.00765803003311	0.025	0.270050734703	0.0271488735405
545	285	708	0	0	0	0	0.36179998517	0.36179998517	970.431983471	0.012676199913	0.025	0.271675910457	0.027408016932
546	448	683	0	0	0	0	0.365399986506	0.365399986506	973.36602211	0.0156709003448	0.025	0.273294644003	0.0276670335711
547	19	646	0	0	0	0	0.368999987841	0.368999987841	573.471009731	0.0420177001953	0.025	0.274907010731	0.027925922645
548	412	688	0	0	0	0	0.370799988508	0.370799988508	711.389005184	0.0115811004639	0.025	0.27571083374	0.0280553197543
549	526	623	2	385	495	0	0.00359999993816	0.374399989843	71.8777999282	0.000937878012657	0.025	0.277313812351	0.0283140199221
550	402	679	2	383	493	0	0.0126000000164	0.377999991179	251.662999392	0.00132014000416	0.025	0.278910637384	0.0285725957427
551	415	597	0	0	0	0	0.379799991846	0.379799991846	1092.24998951	0.00260250997543	0.025	0.279706767975	0.0287018374122
552	346	791	0	0	0	0	0.383399993181	0.383399993181	1557.8700304	0.00907590007782	0.025	0.281294515613	0.0289602290354
553	343	720	2	391	401	0	0.122400000691	0.384299993515	494.217991829	0.00152533996105	0.025	0.281690519424	0.029024807944
554	124	607	0	0	0	0	0.385199993849	0.385199993849	765.007019043	0.0443911018372	0.025	0.282086152445	0.029089379291
555	93	624	0	0	0	0	0.388799995184	0.388799995184	846.168994904	0.0235862998962	0.025	0.283665000767	0.0293475894338
556	462	647	0	0	0	0	0.388799995184	0.388799995184	1086.06994152	0.00538839006424	0.025	0.283665000767	0.0293475894338
557	230	603	0	0	0	0	0.391499996185	0.391499996185	593.522012234	0.0241308002472	0.025	0.28484530244	0.0295411685452
558	50	642	2	361	406	0	0.144899994135	0.39509999752	402.736991644	0.0610519981384	0.025	0.286413985434	0.0297991702918
559	276	723	0	0	0	0	0.39509999752	0.39509999752	902.200996876	0.0194101009369	0.025	0.286413985434	0.0297991702918
560	48	640	0	0	0	0	0.395999997854	0.395999997854	655.448973179	0.0201364002228	0.025	0.286805261626	0.0298636523228
561	77	659	0	0	0	0	0.396899998188	0.396899998188	833.714008331	0.028388999939	0.025	0.287196182274	0.0299281270267
562	447	608	0	0	0	0	0.397799998522	0.397799998522	1744.81999874	0.00105491995811	0.025	0.287586748505	0.0299925944209
563	9	627	0	0	0	0	0.398699998856	0.398699998856	548.336982727	0.0275811004639	0.025	0.287976961442	0.0300570545228
564	477	623	0	0	0	0	0.404100000858	0.404100000858	972.51200676	0.00111433005333	0.025	0.290310881962	0.0304436629587
565	20	587	0	0	0	0	0.414900004864	0.414900004864	1230.8100462	0.0224206008911	0.025	0.294941624725	0.0312161087009
566	47	650	2	371	372	0	0.188099995255	0.422100007534	336.959004402	0.0263777008057	0.025	0.298002028466	0.0317305126179
567	232	731	0	0	0	0	0.423000007868	0.423000007868	919.381022453	0.0520690994263	0.025	0.298383105456	0.0317947821105
568	386	620	0	0	0	0	0.432900011539	0.432900011539	697.193026543	0.01245470047	0.025	0.30255376575	0.0325012986186
569	156	689	0	0	0	0	0.435600012541	0.435600012541	954.007029533	0.0434938011169	0.025	0.303684575739	0.0326938439849
570	490	625	2	425	514	0	0.00899999961257	0.443699985743	41.8399013579	0.00069649797678	0.025	0.307060288192	0.0332711215137
571	45	621	0	0	0	0	0.449099987745	0.449099987745	744.88902092	0.0449492988586	0.025	0.309297087344	0.0336556813755
572	14	654	0	0	0	0	0.457199990749	0.457199990749	827.33297348	0.0286347007751	0.025	0.312632218234	0.0342320886943
573	164	738	2	411	522	0	0.0306000001729	0.47159999609	149.884998798	0.0428165016174	0.025	0.31850355201	0.0352555585552
574	92	674	2	379	517	0	0.0575999990106	0.472499996424	103.090003133	0.0305009002686	0.025	0.318868111797	0.0353194730523
575	21	626	0	0	0	0	0.495900005102	0.495900005102	787.988007069	0.0251424007416	0.025	0.328251313042	0.0369791482354
576	52	663	2	356	525	0	0.0755999982357	0.498600006104	295.920014381	0.0393490982056	0.025	0.329322476035	0.037170393775
577	16	646	0	0	0	0	0.508499979973	0.508499979973	847.530007362	0.0562448005676	0.025	0.333230364701	0.0378711845682
578	206	669	0	0	0	0	0.51029998064	0.51029998064	1515.47002792	0.0209955005646	0.025	0.333937610665	0.03799852779
579	265	760	2	384	533	0	0.0666000023484	0.520200014114	307.718992233	0.0159468002319	0.025	0.337809781055	0.0386985184022
580	106	676	0	0	0	0	0.541800022125	0.541800022125	1018.1800127	0.0341699981689	0.025	0.346157236757	0.0402234728091
581	488	792	0	0	0	0	0.550800025463	0.550800025463	992.254018784	0.00142483997345	0.025	0.349595935959	0.0408579667354
582	94	645	0	0	0	0	0.553499996662	0.553499996662	960.470020771	0.042706199646	0.025	0.350623142543	0.0410482113631
583	117	672	2	400	490	0	0.187199994922	0.557099997997	683.79598856	0.0416969985962	0.025	0.35198965399	0.0413018015361
584	210	610	3	398	436	484	0.0351000018418	0.558000028133	113.720998168	0.0418256988525	0.025	0.352330740702	0.041365188356
585	22	642	0	0	0	0	0.560699999332	0.560699999332	1044.71004009	0.0414402999878	0.025	0.353352637789	0.0415553097862
586	333	638	2	390	415	0	0.294299989939	0.564300000668	546.009004116	0.0293924999237	0.025	0.354712125608	0.0418087366657
587	55	650	2	382	565	0	0.0315000005066	0.570599973202	288.145005703	0.0242863998413	0.025	0.357082899434	0.0422520374457
588	530	780	2	378	412	0	0.317699998617	0.577799975872	865.971982479	0.0168850002289	0.025	0.359779584549	0.0427583698825
589	441	798	2	392	503	0	0.189899995923	0.580500006676	640.712976456	0.00110407996178	0.025	0.360787383199	0.0429481651103
590	568	616	2	482	498	0	0.111599996686	0.589500010014	481.175005436	0.00618251991272	0.025	0.364133214	0.0435804913491
591	475	812	2	370	432	0	0.318599998951	0.595799982548	927.145004272	0.000121546000242	0.025	0.366463137927	0.0440228300629
592	297	633	0	0	0	0	0.600300014019	0.600300014019	1596.78995609	0.016119600296	0.025	0.368121358818	0.0443386465743
593	241	649	2	504	505	0	0.0773999989033	0.610199987888	318.666011095	0.0239482002258	0.025	0.371752006397	0.0450330209155
594	326	655	0	0	0	0	0.610199987888	0.610199987888	973.36602211	0.0285921001434	0.025	0.371752006397	0.0450330209155
595	471	783	2	395	478	0	0.269100010395	0.613799989223	1166.53001308	0.00194664001465	0.025	0.373066394749	0.0452853813264
596	39	659	0	0	0	0	0.617399990559	0.617399990559	1531.58998489	0.0264391994476	0.025	0.374377703083	0.0455376677416
597	451	786	2	354	551	0	0.130500003695	0.619199991226	602.963984013	0.000339735001326	0.025	0.375032210106	0.0456637833426
598	180	743	0	0	0	0	0.620999991894	0.620999991894	1433.59994888	0.0241599006653	0.025	0.375685956514	0.0457898806142
599	122	619	2	362	429	0	0.359100013971	0.629999995232	500.658988953	0.0351194000244	0.025	0.378943386571	0.046420093971
600	342	761	0	0	0	0	0.642599999905	0.642599999905	1283.28001499	0.00543593978882	0.025	0.383472687391	0.0473016381547
601	35	695	2	492	534	0	0.0755999982357	0.647099971771	383.459985256	0.0263320999146	0.025	0.385081657845	0.0476162629977
602	242	692	2	404	527	0	0.208800002933	0.662400007248	481.357991695	0.0381567001343	0.025	0.390519029592	0.0486851831954
603	264	635	2	344	557	0	0.172800004482	0.666000008583	475.351005793	0.0165160007477	0.025	0.391791081001	0.0489365129155
604	98	706	2	511	526	0	0.0737999975681	0.666899979115	451.319009066	0.0483633995056	0.025	0.392108653243	0.0489993326381
605	461	699	2	481	521	0	0.151199996471	0.67049998045	630.288004875	0.00580929994583	0.025	0.39337727363	0.0492505775212
606	132	691	0	0	0	0	0.672299981117	0.672299981117	1432.71994591	0.0380758018494	0.025	0.394010561929	0.0493761746492
607	166	742	2	373	554	0	0.172800004482	0.675899982452	416.446000338	0.0328883018494	0.025	0.395275107485	0.049627318515
608	495	816	2	441	562	0	0.108000002801	0.681299984455	956.772983074	0.000600924015045	0.025	0.397166885958	0.0500039090413
609	170	719	0	0	0	0	0.689400017262	0.689400017262	1619.98999119	0.0519616012573	0.025	0.399993356614	0.0505685175145
610	214	648	2	407	584	0	0.00179999996908	0.696600019932	41.8434999883	0.0464476013184	0.025	0.402494633142	0.0510701113604
611	139	628	2	375	389	0	0.450899988413	0.698400020599	1120.6599474	0.0178959999084	0.025	0.403118333938	0.0511954692184
612	29	657	0	0	0	0	0.720899999142	0.720899999142	1621.58000469	0.0223934001923	0.025	0.410861095067	0.0527610913436
613	499	804	2	488	510	0	0.208800002933	0.722699999809	693.570017815	0.00104033005238	0.025	0.411476310516	0.0528862347378
614	81	636	0	0	0	0	0.723599970341	0.723599970341	802.619993687	0.0475223999023	0.025	0.411783678202	0.0529487985168
615	37	707	2	447	497	0	0.298799991608	0.728100001812	953.814983368	0.0414505996704	0.025	0.413318289694	0.0532615715816
616	563	631	2	386	590	0	0.0188999995589	0.734399974346	103.091999888	0.00936095046997	0.025	0.415460362926	0.0536992866874
617	205	637	0	0	0	0	0.747900009155	0.747900009155	1562.7399683	0.020277299881	0.025	0.420025954542	0.054636624204
618	68	677	0	0	0	0	0.75150001049	0.75150001049	1751.76000595	0.0403935012817	0.025	0.421237861122	0.0548864368444
619	121	658	2	408	599	0	0.00089999998454	0.769500017166	41.8448001146	0.02664909935	0.025	0.427262900748	0.0561346085653
620	414	665	2	512	568	0	0.0531000010669	0.769500017166	155.504003167	0.0143389997482	0.025	0.427262900748	0.0561346085653
621	72	673	2	343	571	0	0.219600006938	0.770399987698	496.533989906	0.0446805992126	0.025	0.427562654444	0.0561969764861
622	436	702	0	0	0	0	0.770399987698	0.770399987698	1504.20999527	0.00756535005569	0.025	0.427562654444	0.0561969764861
623	534	819	2	549	564	0	0.00449999980628	0.782999992371	60.0115992129	0.000816401004791	0.025	0.431744743801	0.0570697757935
624	128	770	2	428	555	0	0.23939999938	0.783900022507	828.315973282	0.0393642997742	0.025	0.432042440353	0.0571320936619
625	485	634	2	509	570	0	0.103500001132	0.825299978256	467.088997364	0.000626608014107	0.025	0.445591712172	0.0599948177538
626	46	663	2	456	575	0	0.147599995136	0.831601023674	233.870998025	0.0317271995544	0.025	0.447629823134	0.0604298840479
627	11	662	2	453	563	0	0.261000007391	0.8450999856	535.376012325	0.0260153007507	0.025	0.451975465702	0.061361389581
628	198	653	2	402	611	0	0.0287999995053	0.862200021744	90.1158004999	0.00410628986359	0.025	0.457440720459	0.0625403236521
629	303	805	0	0	0	0	0.878400027752	0.878400027752	2263.60988617	0.0152110996246	0.025	0.462578463069	0.0636561282758
630	266	656	2	380	480	0	0.537299990654	0.882000029087	1481.63998127	0.0127987003326	0.025	0.46371502089	0.0639039444857
631	554	790	2	424	616	0	0.0441000014544	0.926999986172	219.108000398	0.00706370019913	0.025	0.477768861131	0.0669974445152
632	6	667	2	355	475	0	0.616500020027	0.942300021648	1119.95995045	0.0242339992523	0.025	0.482484676606	0.068047509903
633	385	782	2	455	592	0	0.161100000143	0.948599994183	589.128017426	0.00609214019775	0.025	0.484417556786	0.0684796383646
634	481	678	2	358	625	0	0.0179999992251	0.954900026321	29.973000288	0.000197453007102	0.025	0.486345327186	0.0689116274397
635	291	651	2	454	603	0	0.103500001132	0.955799996853	718.35398674	0.00710939979553	0.025	0.486620296701	0.0689733261756
636	112	672	2	430	614	0	0.0810000002384	0.962999999523	233.857005835	0.0555703010559	0.025	0.488816409271	0.0694668280733
637	284	694	2	366	617	0	0.101700000465	0.963900029659	309.217989445	0.0131216001511	0.025	0.489090469893	0.0695285048537
638	367	670	2	374	586	0	0.318599998951	1.00080001354	889.347970486	0.0202320995331	0.025	0.500239965676	0.0720547198322
639	171	669	0	0	0	0	1.00890004635	1.00890004635	2340.79003334	0.0256385993958	0.025	0.50266528089	0.0726086281397
640	75	704	2	351	560	0	0.508499979973	1.01339995861	1120.83995342	0.0351384010315	0.025	0.504009280883	0.0729162515535
641	143	652	2	363	538	0	0.561600029469	1.02240002155	930.848002434	0.0341459999084	0.025	0.506690211347	0.0735313101136
642	49	682	2	558	585	0	0.0755999982357	1.03139996529	394.762009382	0.0496272010803	0.025	0.509361682979	0.0741460898741
643	67	677	2	397	518	0	0.608399987221	1.03229999542	1191.73002243	0.0479194984436	0.025	0.509628326902	0.0742075555025
644	13	685	2	403	434	0	0.750599980354	1.04939997196	1717.76998043	0.0432583007812	0.025	0.514676848849	0.0753748554492
645	146	732	2	444	582	0	0.333000004292	1.0637999773	867.778003216	0.0331600990295	0.025	0.518902771578	0.0763571085344
646	30	682	2	547	577	0	0.195299997926	1.07280004025	754.691004753	0.0366893997192	0.025	0.521532374828	0.0769706826841
647	501	664	2	516	556	0	0.402300000191	1.08179998398	1343.87004375	0.0052930598259	0.025	0.524153133855	0.0775839913894
648	217	660	2	520	610	0	0.097199998796	1.09080004692	209.216997027	0.0410839996338	0.025	0.526765220524	0.0781970531447
649	257	789	2	489	593	0	0.253800004721	1.10070002079	1177.55997181	0.021670999527	0.025	0.529628551379	0.0788711226077
650	60	675	2	566	587	0	0.110699996352	1.10339999199	646.109998226	0.0297833003998	0.025	0.530407663438	0.0790549055388
651	320	759	2	451	635	0	0.0143999997526	1.15380001068	149.871006608	0.00158480000496	0.025	0.544814085902	0.0824814919778
652	192	690	2	353	641	0	0.0575999990106	1.1888999939	239.249005914	0.0298034992218	0.025	0.554698765356	0.0848634249129
653	202	750	2	466	628	0	0.134100005031	1.19519996643	385.246992111	0.0117005996704	0.025	0.556460507761	0.085290574569
654	32	685	2	468	572	0	0.543600022793	1.20150005817	1209.71000195	0.0541920013428	0.025	0.558218572788	0.0857176197423
655	382	680	2	458	594	0	0.415800005198	1.21500003338	809.991002083	0.014073800087	0.025	0.561973424259	0.086632325368
656	351	668	2	377	630	0	0.219600006938	1.22220003605	1245.29004097	0.00387810993195	0.025	0.563969191049	0.0871199613376
657	58	751	2	463	612	0	0.328500002623	1.24559998512	1138.29004765	0.0312824993134	0.025	0.570423174156	0.0887037869335
658	126	676	2	446	619	0	0.324900001287	1.27260005474	688.688993454	0.0467678985596	0.025	0.577810150469	0.0905294406729
659	100	671	2	561	596	0	0.274500012398	1.28880000114	540.247023106	0.0416834983826	0.025	0.582212225963	0.0916238945409
660	223	666	2	448	648	0	0.121500000358	1.39139997959	342.337995768	0.0345612983704	0.025	0.609594724516	0.0985398483222
661	85	752	0	0	0	0	1.3968000412	1.3968000412	2677.5701046	0.0419593009949	0.025	0.611013137014	0.0989031271889
662	26	695	2	499	627	0	0.301499992609	1.40400004387	402.25699544	0.028662399292	0.025	0.612900925504	0.0993873844915
663	56	686	2	576	626	0	0.0962999984622	1.42649996281	292.221993208	0.0360850982666	0.025	0.61877543356	0.100899885375
664	507	726	2	539	647	0	0.0405000001192	1.47060000896	245.072007179	0.0178861999512	0.025	0.630183086431	0.103860959996
665	421	683	2	364	620	0	0.63630002737	1.51919996738	1234.89999771	0.0189696998596	0.025	0.642597408508	0.107119044893
666	239	692	2	394	660	0	0.0135000003502	1.53359997272	90.1039019227	0.0274685993195	0.025	0.646245094708	0.10808339653
667	4	693	2	421	632	0	0.466199994087	1.55519998074	1238.53003979	0.0326966018677	0.025	0.651691039503	0.109529076655
668	399	679	2	532	656	0	0.0108000002801	1.55700004101	71.8784034252	0.00106103003025	0.025	0.652143513174	0.109649508482
669	288	694	2	578	639	0	0.0630000010133	1.58220005035	275.647997856	0.0103360996246	0.025	0.6584561233	0.111334771142
670	406	688	2	477	638	0	0.372599989176	1.58940005302	829.54198122	0.00918500995636	0.025	0.66025232354	0.111816027364
671	127	728	2	352	659	0	0.207900002599	1.60559999943	498.403996229	0.0378865013123	0.025	0.664281901152	0.112898452163
672	129	681	2	583	636	0	0.15569999814	1.67579996586	282.113999128	0.0558177986145	0.025	0.68155877031	0.117582736909
673	87	740	2	368	621	0	0.800999999046	1.6875	2035.44998169	0.0272975006104	0.025	0.68440988463	0.118362488907
674	96	691	2	433	574	0	1.10339999199	1.73790001869	1906.29994869	0.0436175003052	0.025	0.696602256721	0.121718346762
675	88	704	3	473	531	650	0.166500002146	1.80180001259	507.30997324	0.035948600769	0.025	0.711858959896	0.125966120091
676	160	689	2	580	658	0	0.00179999996908	1.81620001793	30.0329998136	0.0443833007813	0.025	0.715267034725	0.126922316011
677	114	734	2	618	643	0	0.106200002134	1.88999998569	299.264997244	0.0429300003052	0.025	0.732566550965	0.131816934406
678	482	810	3	471	500	634	0.54540002346	1.9620000124	1355.49998283	0.00127839004993	0.025	0.749185576787	0.136582969906
679	403	737	2	550	668	0	0.0386999994516	1.97370004654	377.184987068	0.00104366004467	0.025	0.751862968674	0.137356618364
680	422	702	2	460	655	0	0.566999971867	1.97459995747	1454.67996597	0.00740722990036	0.025	0.75206863762	0.137416114207
681	147	684	2	474	672	0	0.17460000515	2.06459999084	275.700986385	0.0541467018127	0.025	0.772452097848	0.143359547481
682	62	687	2	642	646	0	0.00359999993816	2.10780000687	73.0523020029	0.0253369007111	0.025	0.782109651549	0.146207761502
683	473	699	2	546	665	0	0.287099987268	2.17170000076	490.920007229	0.00510220003128	0.025	0.796250839517	0.150415411566
684	161	703	2	376	681	0	0.082800000906	2.26799988747	222.047001123	0.0500381011963	0.025	0.817251679096	0.156744883597
685	74	707	2	644	654	0	0.0333000011742	2.28419995308	185.473993421	0.0447090988159	0.025	0.820749213637	0.157808324492
686	65	706	2	423	663	0	0.734399974346	2.3085000515	1418.49994659	0.0473205986023	0.025	0.825976968191	0.159402779748
687	64	741	2	417	682	0	0.0945001021028	2.34540009499	143.699005246	0.0427112007141	0.025	0.833873490286	0.161822381361
688	445	701	2	548	670	0	0.432900011539	2.39310002327	772.248029709	0.00557112979889	0.025	0.84400790631	0.164947335642
689	162	696	2	569	676	0	0.164700001478	2.41650009155	287.51000762	0.0545500984192	0.025	0.848949963303	0.166479196671
690	203	800	2	420	652	0	1.09169995785	2.42549991608	2561.32006645	0.0182728004456	0.025	0.850845610533	0.167068162932
691	194	781	2	606	674	0	0.139500007033	2.54970002174	429.410994053	0.0393634986877	0.025	0.876725133647	0.175185085604
692	246	697	2	602	666	0	0.377099990845	2.57310009003	585.803985596	0.0307558002472	0.025	0.881544037478	0.176712122164
693	12	722	2	507	667	0	0.756900012493	2.58299994469	1368.45004559	0.0325847015381	0.025	0.883577488364	0.177357955365
694	301	708	2	637	669	0	0.0710999965668	2.61719989777	278.066009283	0.0187271003723	0.025	0.890578366258	0.179588096121
695	38	700	2	601	662	0	0.750599980354	2.8017001152	1214.11001682	0.0323708000183	0.025	0.927732974676	0.191594510653
696	176	698	2	542	689	0	0.0773999989033	2.84579992294	173.732995987	0.0578987998962	0.025	0.93646731126	0.194458370215
697	274	715	2	449	692	0	0.211500003934	2.96460008621	419.458985329	0.0279577999115	0.025	0.959731334626	0.202162364044
698	182	705	2	414	696	0	0.0458999983966	3.03299999237	155.511006713	0.0635027999878	0.025	0.972956558418	0.20659094641
699	484	709	2	605	683	0	0.195299997926	3.03749990463	475.104004145	0.00151917004585	0.025	0.973822418142	0.206882118958
700	91	711	2	427	695	0	0.135900005698	3.09330010414	356.344014406	0.0322072982788	0.025	0.984517041713	0.210490960477
701	468	756	2	494	688	0	0.51029998064	3.14639997482	1387.7799511	0.00708997011185	0.025	0.994622689692	0.213922137732
702	476	726	2	622	680	0	0.408600002527	3.15359997749	1023.68998528	0.00468478012085	0.025	0.995987680557	0.214387159451
703	173	719	2	418	684	0	0.781199991703	3.19230008125	1372.33996391	0.0486374015808	0.025	1.00330327462	0.216885750678
704	107	728	2	640	675	0	0.379799991846	3.19499993324	1087.82994747	0.0412598991394	0.025	1.00381230803	0.217060004251
705	188	713	2	413	698	0	0.0603000000119	3.233700037	125.532999635	0.0540052986145	0.025	1.01109006566	0.219556976472
706	119	710	2	604	686	0	0.297899991274	3.27329993248	431.277006865	0.0375752983093	0.025	1.01850105984	0.222110458124
707	78	714	2	615	685	0	0.293399989605	3.30570006371	665.023982525	0.0436809005737	0.025	1.0245380025	0.224198534927
708	315	720	2	545	694	0	0.338400006294	3.31739997864	876.327991486	0.00690807008743	0.025	1.02671216278	0.224952302155
709	489	716	2	529	699	0	0.0324000008404	3.38940000534	113.719001412	0.000844918012619	0.025	1.04002481051	0.229587997954
710	142	712	2	349	706	0	0.0621000006795	3.44339990616	245.675995946	0.041484500885	0.025	1.04993516674	0.233061526449
711	105	734	2	476	700	0	0.137700006366	3.4470000267	435.963004827	0.0374589004517	0.025	1.05059366182	0.233293005889
712	153	717	2	387	710	0	0.00359999993816	3.57389998436	41.8419018388	0.0246912002563	0.025	1.0736319846	0.241444752674
713	195	721	2	445	705	0	0.16740000248	3.57839989662	329.133987427	0.0592240982056	0.025	1.07444286916	0.24173354747
714	103	718	2	442	707	0	0.113399997354	3.59549999237	197.404995561	0.0277889003754	0.025	1.07752059479	0.242830829835
715	296	723	2	487	697	0	0.476099997759	3.67289996147	927.464008331	0.0193694000244	0.025	1.09137867626	0.247794202436
716	494	778	2	439	709	0	0.130500003695	3.69180011749	485.953003168	0.000264959007502	0.025	1.09474485275	0.249005400764
717	158	732	2	396	712	0	0.252000004053	3.95549988747	646.915018559	0.0310480995178	0.025	1.14101362451	0.265872735598
718	110	724	2	419	714	0	0.24660000205	3.98699998856	623.247027397	0.0267215995789	0.025	1.14645693304	0.26788378041
719	236	725	2	609	703	0	0.1386000067	4.0202999115	408.764004707	0.0455788002014	0.025	1.1521925844	0.270008866806
720	360	737	2	553	708	0	0.536400020123	4.23810005188	941.905021667	0.00208731007576	0.025	1.18924881529	0.283886762049
721	204	731	2	422	713	0	0.552600026131	4.27769994736	983.996987343	0.0531875	0.025	1.19590366095	0.28640612333
722	15	741	2	523	693	0	1.46879994869	4.35690021515	2513.63992691	0.0322291984558	0.025	1.20913995543	0.291441389811
723	330	788	2	559	715	0	0.314999997616	4.382999897	635.122001171	0.0164008998871	0.025	1.21348072009	0.293099706707
724	144	727	2	540	718	0	0.0702000036836	4.4064002037	253.223001957	0.0202842998505	0.025	1.2173637559	0.294586091373
725	262	766	2	502	719	0	0.331200003624	4.61339998245	718.492984772	0.0343394012451	0.025	1.25136115708	0.307717751646
726	506	730	2	664	702	0	0.11969999969	4.74389982224	305.386006832	0.0128319997787	0.025	1.27248101042	0.315981190007
727	157	729	2	369	724	0	0.244800001383	4.76730012894	401.174992323	0.0222383003235	0.025	1.2762433754	0.317461720678
728	152	733	2	671	704	0	0.12690000236	4.92749977112	416.325002909	0.0464752998352	0.025	1.30180511015	0.327587844612
729	178	740	2	365	727	0	0.168300002813	5.04990005493	371.13699317	0.016780500412	0.025	1.32111211155	0.335313578226
730	513	756	2	486	726	0	0.275400012732	5.24700021744	684.940993786	0.0103310003281	0.025	1.35181310907	0.347734695181
731	272	766	2	567	721	0	0.689400017262	5.39010000229	1873.45004082	0.0369502983093	0.025	1.37381450668	0.356738086107
732	191	736	3	524	645	717	0.204300001264	5.53229999542	473.118007183	0.0254447002411	0.025	1.39544729339	0.3656730318
733	154	735	2	513	728	0	0.385199993849	5.59800004959	634.548008442	0.0442112998962	0.025	1.40536697298	0.36979731157
734	131	738	2	677	711	0	0.424800008535	5.76179981232	606.234014034	0.0357341003418	0.025	1.42989748863	0.380069266992
735	172	742	2	457	733	0	0.118799999356	5.90490007401	352.907001972	0.0338483009338	0.025	1.45110064758	0.389031189821
736	213	743	2	438	732	0	0.2825999856	5.98680019379	509.585976601	0.0205417995453	0.025	1.46314329942	0.394155437593
737	409	739	2	679	720	0	0.0368999987841	6.24870014191	120.149001479	0.00077049100399	0.025	1.50121817972	0.410518465405
738	163	746	2	573	734	0	0.250200003386	6.48360013962	472.882002592	0.0488148002625	0.025	1.53482808704	0.425165393989
739	420	795	2	435	737	0	0.114299997687	6.52680015564	323.980987072	0.00093155002594	0.025	1.54095584135	0.427856166723
740	193	745	2	673	729	0	0.122400000691	6.85979986191	449.514001608	0.00969556045532	0.025	1.58765769048	0.448568083362
741	70	744	2	687	722	0	0.233099997044	6.93540000916	438.86500597	0.0456099014282	0.025	1.59813297706	0.453263173746
742	186	749	2	607	735	0	0.359100013971	6.93989992142	682.32601881	0.0318334007263	0.025	1.59875504862	0.453542556458
743	238	747	2	598	736	0	0.486000001431	7.0938000679	889.455020428	0.016271900177	0.025	1.61993418691	0.463092229054
744	90	751	2	393	741	0	0.0755999982357	7.13969993591	203.828006983	0.0517895011902	0.025	1.62621506593	0.465938350923
745	215	750	2	508	740	0	0.0494999997318	7.18559980392	173.731997609	0.00450321006775	0.025	1.63247981412	0.468783558073
746	181	752	2	469	738	0	0.675000011921	7.36019992828	1372.69997597	0.0492457008362	0.025	1.65616564372	0.479598291465
747	294	748	2	537	743	0	0.0333000011742	7.47270011902	73.0578973889	0.0183962993622	0.025	1.67130817277	0.486559742541
748	298	753	2	450	747	0	0.0792000964284	7.73190021515	233.871996403	0.0182903003693	0.025	1.70585356984	0.502579100788
749	219	759	2	388	742	0	0.980099976063	8.04689979553	1830.94000816	0.0185821990967	0.025	1.74721826198	0.522011006426
750	220	755	2	653	745	0	0.194399997592	8.57520008087	362.935990095	0.0177276992798	0.025	1.81516689187	0.554516591864
751	99	754	2	657	744	0	0.229499995708	8.61480045319	471.24800086	0.0583386001587	0.025	1.82019173354	0.55694903724
752	224	758	2	661	746	0	0.0108000002801	8.76780033112	71.8782022595	0.0384850997925	0.025	1.83951949581	0.566341797605
753	311	761	2	426	748	0	0.98189997673	8.86410045624	1884.58001614	0.00741817998886	0.025	1.85161549252	0.572249513607
754	125	757	2	346	751	0	0.188099995255	8.90639972687	296.281993389	0.0484248008728	0.025	1.85691196233	0.574843427285
755	237	760	2	470	750	0	0.181799992919	8.95860004425	397.049993277	0.0155826997757	0.025	1.8634343339	0.578043653119
756	514	778	2	701	730	0	0.570599973202	8.96399974823	1094.47002411	0.0137374000549	0.025	1.86410815221	0.578374637503
757	141	770	2	345	754	0	0.195299997926	9.20429992676	503.149986267	0.0691762008667	0.025	1.89393234677	0.593094259098
758	228	764	2	431	752	0	0.311399996281	9.23939990997	526.762008667	0.0363608016968	0.025	1.89826247832	0.595242693618
759	321	762	2	651	749	0	0.291599988937	9.49230003357	805.344998837	0.00220380997658	0.025	1.92926941103	0.610710491062
760	268	763	2	579	755	0	0.0603000000119	9.5390996933	206.194996834	0.00574581003189	0.025	1.93497089492	0.613570561857
761	408	769	2	600	753	0	0.182699993253	9.68939971924	338.14701438	0.00430119991302	0.025	1.95320635091	0.622751131291
762	371	765	2	410	759	0	0.127800002694	9.75870037079	240.299001336	0.00196115005016	0.025	1.96157624983	0.626981722947
763	275	767	2	483	760	0	0.00810000021011	9.77219963074	60.0772984326	0.00453989982605	0.025	1.96320387475	0.627805636128
764	258	768	2	501	758	0	0.405000001192	9.90540027618	790.657997131	0.0316494998932	0.025	1.97921613312	0.635932359906
765	384	771	2	519	762	0	0.283500999212	10.3365001678	667.375981808	0.00153940999508	0.025	2.03045848346	0.662197194787
766	289	774	2	725	731	0	0.392399996519	10.3958997726	909.990012646	0.0241837997437	0.025	2.03745138333	0.665811782011
767	278	772	2	461	763	0	0.44010001421	10.4076004028	607.433974743	0.0165055999756	0.025	2.03882696999	0.666523667328
768	299	788	2	506	764	0	0.250200003386	10.4246997833	637.44699955	0.0209115009308	0.025	2.04083614962	0.667563949412
769	426	773	2	535	761	0	0.449999988079	10.4723997116	1028.48994732	0.000645354986191	0.025	2.04643394199	0.670465439203
770	168	781	2	624	757	0	0.616500020027	10.6047000885	1088.88995647	0.0484888000488	0.025	2.06190683743	0.678509554561
771	419	795	2	347	765	0	0.197999998927	10.6379995346	477.167010307	0.000970354020596	0.025	2.06578911407	0.680533431655
772	309	775	2	348	767	0	0.312299996614	10.8252000809	624.490022659	0.0134139003754	0.025	2.08752441525	0.691905259569
773	453	809	2	440	769	0	0.225899994373	10.8719997406	215.571001172	0.00147403001785	0.025	2.09293463196	0.694746644875
774	307	779	2	485	766	0	0.25830000639	10.8818998337	568.602979183	0.0180643005371	0.025	2.09407792535	0.69534763872
775	354	776	2	409	772	0	0.0063000000082	10.9701004028	30.0389006734	0.00693576002121	0.025	2.10424529989	0.700700728055
776	355	777	2	443	775	0	0.681299984455	11.8277997971	1223.41001034	0.00393455004692	0.025	2.20146803142	0.752646875445
777	397	782	2	541	776	0	0.23939999938	12.4173002243	455.018997192	0.00346795010567	0.025	2.26665964841	0.788239726207
778	523	780	2	716	756	0	0.0324000008404	12.6881999969	113.659001887	0.00382720994949	0.025	2.29620159181	0.804567547581
779	347	814	2	496	774	0	2.02410006523	13.1553001404	4404.32977676	0.0105453996658	0.025	2.34655350348	0.832680164655
780	529	783	2	588	778	0	0.0441000014544	13.3100996017	149.87899363	0.00525830984116	0.025	2.36308197531	0.841985740513
781	216	785	2	691	770	0	0.374399989843	13.5288000107	617.906987667	0.0357620010376	0.025	2.38630290787	0.855123436675
782	407	786	2	633	777	0	0.498600006104	13.8645000458	962.750971317	0.00173740005493	0.025	2.42165645428	0.875268903757
783	528	784	2	595	780	0	0.0261000003666	13.9499998093	89.9271965027	0.00704251003265	0.025	2.43060577449	0.880395852647
784	527	787	2	416	783	0	0.188999995589	14.2812004089	323.487997055	0.00305771994591	0.025	2.46506759449	0.90024138585
785	252	789	2	350	781	0	0.906300008297	14.5431003571	1480.39996624	0.0213665008545	0.025	2.49209276853	0.915918112602
786	452	809	2	597	782	0	0.0891000032425	14.5727996826	275.050997734	0.000297648012638	0.025	2.49514507259	0.91769494998
787	537	790	2	359	784	0	0.383399993181	14.7762002945	574.533998966	0.00220667004585	0.025	2.51598278941	0.929859060957
788	340	791	2	723	768	0	0.0926999971271	14.9004001617	269.223988056	0.0199347991943	0.025	2.5286502463	0.937282550348
789	325	800	2	649	785	0	0.202500000596	15.8463001251	466.625988483	0.00697884988785	0.025	2.62377585135	0.993719883278
790	552	792	2	631	787	0	0.144899994135	15.8480997086	398.838013411	0.00540850019455	0.025	2.62395462859	0.993827092085
791	353	793	2	552	788	0	0.655200004578	15.9390001297	1236.71996593	0.0121148996353	0.025	2.63297447448	0.999241624806
792	549	794	2	581	790	0	0.00630000978708	16.4051990509	29.9752000719	0.00291232991219	0.025	2.67891483276	1.026986951
793	392	814	2	459	791	0	0.454499989748	16.5842990875	1102.77998447	0.00572996997833	0.025	2.69642457847	1.03763535703
794	548	796	2	491	792	0	0.0665998980403	16.7103004456	185.534998775	0.00226584005356	0.025	2.70869782735	1.0451233287
795	440	798	2	739	771	0	0.121500000358	17.2863006592	219.172999263	0.000733361005783	0.025	2.76433862338	1.07931808886
796	551	797	2	544	794	0	0.418500006199	17.4869995117	689.637005329	0.00387841010094	0.025	2.78355100166	1.09121927703
797	536	817	2	462	796	0	0.0513000003994	17.7336006165	189.071998	0.00278534007072	0.025	2.80703713689	1.10583307059
798	446	799	2	589	795	0	0.176400005817	18.0431995392	150.187000632	0.000990768015385	0.025	2.836338993	1.12416580523
799	456	801	2	381	798	0	0.133200004697	18.2996997833	365.821987391	0.000425745993853	0.025	2.86046332111	1.13934240898
800	352	802	2	690	789	0	0.192599996924	18.4643993378	466.502994299	0.00362916994095	0.025	2.87588234635	1.14908173504
801	469	803	2	452	799	0	0.241200000048	18.7245006561	569.652974606	0.000687467992306	0.025	2.9001212212	1.1644537102
802	366	805	2	528	800	0	0.137700006366	18.9207000732	192.02400744	0.002430560112	0.025	2.91831606032	1.17604201572
803	500	804	2	515	801	0	0.0278999991715	19.0386009216	131.953001022	0.000425446987152	0.025	2.92921347034	1.18300280775
804	505	815	2	613	803	0	0.133200004697	19.8945007324	439.996987581	0.00461649990082	0.025	3.00752905149	1.23347084541
805	375	806	2	629	802	0	0.226799994707	20.0258998871	593.257009983	0.00336732006073	0.025	3.01943182876	1.24120905466
806	404	807	2	530	805	0	0.108900003135	20.4552001953	227.316007018	0.00180534994602	0.025	3.05810395847	1.26647331651
807	410	808	2	437	806	0	0.140400007367	20.7630004883	421.820998192	0.00260246992111	0.025	3.08563159533	1.28457097509
808	433	815	2	472	807	0	0.72990000248	21.6972007751	2500.31995773	0.00100329005718	0.025	3.16819736907	1.339417654
809	459	810	2	773	786	0	0.439200013876	25.8840007782	1208.38999748	0.000175537005067	0.025	3.52199590646	1.58384373271
810	504	811	2	678	809	0	0.0153000000864	27.8612995148	73.0590969324	0.000149819001555	0.025	3.68104244983	1.69857135983
811	510	812	2	543	810	0	0.0675000026822	28.2842998505	305.090010166	0.00139945995808	0.025	3.71447349673	1.72306101912
812	520	813	2	591	811	0	0.268200010061	29.1483001709	823.081016541	0.00444194984436	0.025	3.78214299239	1.77302585224
813	553	821	2	536	812	0	0.183599993587	29.67029953	723.479986191	0.00329101991653	0.025	3.82263791217	1.80317688111
814	442	817	2	779	793	0	1.04309999943	30.782699585	2097.31006622	0.00162179994583	0.025	3.90799524587	1.86734199913
815	532	816	2	804	808	0	0.0216000005603	41.6133003235	144.93599534	0.00476091003418	0.025	4.68283979978	2.48658350943
816	543	820	2	608	815	0	0.0063000000082	42.3008995056	71.8780010939	0.000819853007793	0.025	4.72911381052	2.52560029037
817	535	818	2	797	814	0	0.518400013447	49.0346984863	756.170988083	0.00280170989037	0.025	5.16740034465	2.90610184479
818	539	819	2	464	817	0	0.0270000007004	49.2597007751	102.968998253	0.00520810985565	0.025	5.18161410184	2.91876867995
819	533	820	2	623	818	0	0.537299990654	50.5800018311	1133.34000111	0.00419693994522	0.025	5.26450216682	2.99303913294
820	546	821	2	816	819	0	0.0540000014007	92.9348983765	258.655011654	0.00356670999527	0.025	7.5836328889	5.33460642127
821	560	0	2	813	820	0	0.0395999997854	122.644996643	337.812006474	0.00194359004498	0.025	8.95694496481	6.9430427659
