          hrr,            GC,           day,         month,          year,        chv_mm,         sv_mm,      rootv_mm,        ssv_mm,         gwv_mm          sr_mm          ssr_mm
  1  1 1984 175.14841   0.000000440357496
  1  2 1984   0.17555   0.000000219213845
  1  3 1984   0.66627   0.000000091430287
  1  4 1984   0.22759   0.000000052232565
  1  5 1984   0.01323   0.000000053927586
  1  6 1984   0.00622   0.000000052187985
  1  7 1984   0.00179   0.000000053927586
  1  8 1984   0.67173   0.000000053927586
  1  9 1984   0.58378   0.000000052187985
  1 10 1984   0.66947   0.000000053927586
  1 11 1984  11.13100   0.000000052863140
  1 12 1984  34.37548   0.000001450634954
  1  1 1985   6.22196   0.000003256649052
  1  2 1985  13.54066   0.000003894985639
  1  3 1985  11.98997   0.000003545258096
  1  4 1985   0.13043   0.000002267965783
  1  5 1985   0.00000   0.000000762383365
  1  6 1985   0.00000   0.000000193756748
  1  7 1985   0.01458   0.000000069596425
  1  8 1985   0.00000   0.000000053927586
  1  9 1985   0.05731   0.000000052187985
  1 10 1985   0.86257   0.000000053927586
  1 11 1985  26.45925   0.000000068334941
  1 12 1985   5.36238   0.000000606753645
  1  1 1986  15.83026   0.000000494159906
  1  2 1986  54.26773   0.000123225894640
  1  3 1986  56.32621   0.028770491480827
  1  4 1986   6.52680   0.042584519833326
  1  5 1986   0.00000   0.026518139988184
  1  6 1986   0.00000   0.011090210638940
  1  7 1986   0.00000   0.004513590130955
  1  8 1986   0.00000   0.001635460881516
  1  9 1986   1.96128   0.000601161562372
  1 10 1986   0.10447   0.000271057127975
  1 11 1986   3.02110   0.000135303387651
  1 12 1986   0.81203   0.000100196419226
  1  1 1987  10.14785   0.000127710154629
  1  2 1987  16.28372   0.000162019685376
  1  3 1987  34.51322   0.004089889582247
  1  4 1987   0.16447   0.004031549673527
  1  5 1987   0.00335   0.001801250851713
  1  6 1987   0.12396   0.000651959911920
  1  7 1987   0.02634   0.000236653460888
  1  8 1987   0.00000   0.000082380996901
  1  9 1987   0.00000   0.000027363746995
  1 10 1987   5.15782   0.000009354041140
  1 11 1987   8.12143   0.000008178843018
  1 12 1987  24.25284   0.000016456522644
  1  1 1988  21.52501   0.000195261192857
  1  2 1988  22.07902   0.000373339396901
  1  3 1988   1.60976   0.002022747416049
  1  4 1988  31.96157   0.005146656185389
  1  5 1988   0.20931   0.011402546428144
  1  6 1988   0.38529   0.005509709473699
  1  7 1988   0.01214   0.002218300709501
  1  8 1988   0.00000   0.000777977227699
  1  9 1988   0.09704   0.000279134255834
  1 10 1988   0.00781   0.000107583233330
  1 11 1988   2.22737   0.000038060072256
  1 12 1988  24.37273   0.000057659613958
  1  1 1989   2.29960   0.000180118353455
  1  2 1989  22.61467   0.000789091689512
  1  3 1989   6.26379   0.001022751326673
  1  4 1989   0.45604   0.000554170459509
  1  5 1989   0.91364   0.000255541963270
  1  6 1989   0.03289   0.000104973762063
  1  7 1989   0.00000   0.000037926984078
  1  8 1989   0.00000   0.000011072724192
  1  9 1989   0.48107   0.000003178872021
  1 10 1989   1.12400   0.000001168474114
  1 11 1989   1.00971   0.000000489338106
  1 12 1989   0.00207   0.000000311548519
  1  1 1990  20.94195   0.000000893534889
  1  2 1990  16.77834   0.000003130892765
  1  3 1990   1.24370   0.000005044514182
  1  4 1990   0.37382   0.000002084662356
  1  5 1990   1.52829   0.000000687160480
  1  6 1990   0.00000   0.000000239709777
  1  7 1990   0.00000   0.000000095704493
  1  8 1990   0.00247   0.000000054766826
  1  9 1990   0.26374   0.000000052187985
  1 10 1990   0.00000   0.000000053927586
  1 11 1990   0.48575   0.000000052187985
  1 12 1990   0.16953   0.000000053927586
  1  1 1991   5.53274   0.000000054015949
  1  2 1991  36.09844   0.000000080927300
  1  3 1991 116.97192   0.052247487008572
  1  4 1991   0.04034   0.226395741105080
  1  5 1991   0.01178   0.133221089839935
  1  6 1991   0.80162   0.059870220720768
  1  7 1991   0.07367   0.025801509618759
  1  8 1991   0.28895   0.009724791161716
  1  9 1991   0.02231   0.003507162211463
  1 10 1991   0.71111   0.001427632640116
  1 11 1991   0.20926   0.000684735365212
  1 12 1991  28.79924   0.000563197012525
  1  1 1992  18.51905   0.014545882120728
  1  2 1992  77.95276   3.646009206771851
  1  3 1992  42.19210  13.906632423400879
  1  4 1992   0.17604  11.796538352966309
  1  5 1992   0.68297   4.325907230377197
  1  6 1992   0.01598   1.697460532188416
  1  7 1992   0.18627   0.769719600677490
  1  8 1992   0.00000   0.337950497865677
  1  9 1992   0.00000   0.152038842439651
  1 10 1992   4.48513   0.076956704258919
  1 11 1992   0.00000   0.049454320222139
  1 12 1992  34.18498   0.132233411073685
  1  1 1993  77.29094  18.735158920288086
  1  2 1993  58.37992  54.814842224121094
  1  3 1993  51.90694  65.803688049316406
  1  4 1993   0.00000  39.894073486328125
  1  5 1993   0.73637  10.976852416992188
  1  6 1993   4.66459   4.939197540283203
  1  7 1993   0.00592   2.362446069717407
  1  8 1993   0.01440   1.009825110435486
  1  9 1993   0.00000   0.439166605472565
  1 10 1993   0.17097   0.242100819945335
  1 11 1993   4.33918   0.134431615471840
  1 12 1993  10.64145   0.130127817392349
  1  1 1994   7.90571   0.146258622407913
  1  2 1994  49.58027   1.624491691589355
  1  3 1994  17.54680   4.304986476898193
  1  4 1994   3.55084   4.562586784362793
  1  5 1994   2.52033   2.587980031967163
  1  6 1994   0.00000   1.357960462570190
  1  7 1994   0.00000   0.669023394584656
  1  8 1994   0.00000   0.319031596183777
  1  9 1994   0.22884   0.155752703547478
  1 10 1994   2.12109   0.084208272397518
  1 11 1994   8.33479   0.064721278846264
  1 12 1994   8.36092   0.066682569682598
  1  1 1995 193.10057  71.398895263671875
  1  2 1995  13.40442  50.445587158203125
  1  3 1995 121.40181 131.092437744140625
  1  4 1995   2.57254  37.099792480468750
  1  5 1995   9.94499  14.727452278137207
  1  6 1995   2.55764   7.545669078826904
  1  7 1995   0.00000   3.481038570404053
  1  8 1995   0.00000   1.550247788429260
  1  9 1995   0.00000   0.749858081340790
  1 10 1995   0.23812   0.389380007982254
  1 11 1995   0.37978   0.182152256369591
  1 12 1995  12.66577   0.109035231173038
  1  1 1996  23.14287   0.098756648600101
  1  2 1996  56.61541   2.188371658325195
  1  3 1996  20.03881  10.960305213928223
  1  4 1996   5.93220   7.902377128601074
  1  5 1996   3.27998   4.262633323669434
  1  6 1996   0.00416   2.111735582351685
  1  7 1996   0.00101   1.079030036926270
  1  8 1996   0.00000   0.591298341751099
  1  9 1996   0.00000   0.323207169771194
  1 10 1996  31.06185   0.210671842098236
  1 11 1996  20.38779   0.905367851257324
  1 12 1996  42.34012   6.789540290832520
  1  1 1997  45.31078  22.859777450561523
  1  2 1997   0.66997  20.563926696777344
  1  3 1997   0.00090   8.820126533508301
  1  4 1997   0.00000   3.602543592453003
  1  5 1997   0.01524   1.810221314430237
  1  6 1997   0.00000   0.844623625278473
  1  7 1997   0.01965   0.446069121360779
  1  8 1997   0.07256   0.220073297619820
  1  9 1997   0.22861   0.126512467861176
  1 10 1997   0.08900   0.077644512057304
  1 11 1997  26.97235   0.051059633493423
  1 12 1997  61.91759   3.309376001358032
  1  1 1998  40.53231   8.970568656921387
  1  2 1998 252.34114 275.036132812500000
  1  3 1998  39.24686  95.719581604003906
  1  4 1998  16.15177  76.190849304199219
  1  5 1998  38.59312  66.588020324707031
  1  6 1998   0.93306  20.872434616088867
  1  7 1998   0.00000   8.237127304077148
  1  8 1998   0.00000   4.030134677886963
  1  9 1998   0.76127   2.074374198913574
  1 10 1998   0.08298   1.137900829315186
  1 11 1998   6.04134   0.669527530670166
  1 12 1998   4.44336   0.615472316741943
  1  1 1999  17.73739   0.509320974349976
  1  2 1999  11.15900   1.072404623031616
  1  3 1999  34.56929   2.616865396499634
  1  4 1999  16.86002   7.927902221679688
  1  5 1999   0.02291   4.969074726104736
  1  6 1999   0.24214   2.048753261566162
  1  7 1999   0.02872   1.072786092758179
  1  8 1999   0.00432   0.576439678668976
  1  9 1999   0.13781   0.310388743877411
  1 10 1999   0.00000   0.179982304573059
  1 11 1999   5.50470   0.097016088664532
  1 12 1999   0.01675   0.066143468022346
  1  1 2000  10.46271   0.042911946773529
  1  2 2000  83.76826   2.180477857589722
  1  3 2000  36.97378  35.472023010253906
  1  4 2000  31.85921  28.239147186279297
  1  5 2000   0.22742  18.090682983398438
  1  6 2000   0.66993   7.006765365600586
  1  7 2000   0.00000   3.488440513610840
  1  8 2000   0.00000   1.963209152221680
  1  9 2000   0.05583   1.057412981987000
  1 10 2000  15.88459   0.505928337574005
  1 11 2000   0.00000   0.500785171985626
  1 12 2000   0.31302   0.372534394264221
  1  1 2001  52.87888   4.382315635681152
  1  2 2001  44.32846  18.147888183593750
  1  3 2001 120.30750  85.680343627929688
  1  4 2001  13.16057  23.885364532470703
  1  5 2001   0.17934  10.702848434448242
  1  6 2001   0.00000   3.769433259963989
  1  7 2001   0.01796   1.548327565193176
  1  8 2001   0.00056   0.597921907901764
  1  9 2001   0.00000   0.228659972548485
  1 10 2001   1.49783   0.100003682076931
  1 11 2001  26.74606   0.068533793091774
  1 12 2001  13.98382   0.218635529279709
  1  1 2002   7.25218   0.276260107755661
  1  2 2002   2.39193   0.241371840238571
  1  3 2002   1.28420   0.201168283820152
  1  4 2002   0.17373   0.115013398230076
  1  5 2002   0.18486   0.058272346854210
  1  6 2002   0.03217   0.023451857268810
  1  7 2002   0.00000   0.008959436789155
  1  8 2002   0.00056   0.003192630596459
  1  9 2002   0.25461   0.001177121419460
  1 10 2002   0.02015   0.000459735107142
  1 11 2002  35.42675   0.003090782556683
  1 12 2002  36.95619   0.019188893958926
  1  1 2003   0.07640   0.050982709974051
  1  2 2003  23.20200   0.078125171363354
  1  3 2003  50.39661   0.702200174331665
  1  4 2003  16.27248   1.481186866760254
  1  5 2003  18.43271   4.338796615600586
  1  6 2003   0.09350   1.826170444488525
  1  7 2003   0.00536   0.813706338405609
  1  8 2003   0.00000   0.349741280078888
  1  9 2003   0.00000   0.153283700346947
  1 10 2003   1.38745   0.067847557365894
  1 11 2003   3.36240   0.040701817721128
  1 12 2003  13.04866   0.038545317947865
  1  1 2004   2.76992   0.066789567470551
  1  2 2004  43.57339   0.202674522995949
  1  3 2004   3.96534   0.983835935592651
  1  4 2004   0.00000   0.496213674545288
  1  5 2004   0.00000   0.236799225211143
  1  6 2004   0.01256   0.100750133395195
  1  7 2004   0.00000   0.042760573327541
  1  8 2004   0.00586   0.017247235402465
  1  9 2004   0.00000   0.006903954781592
  1 10 2004  31.88077   0.010816385969520
  1 11 2004   1.31666   0.036500707268715
  1 12 2004  59.33079   0.281898796558380
  1  1 2005 128.91695  48.765727996826172
  1  2 2005  61.73884  46.671474456787109
  1  3 2005  30.41954  43.128433227539062
  1  4 2005   6.47901  20.176635742187500
  1  5 2005   7.65694  12.481279373168945
  1  6 2005   0.00151   5.076380729675293
  1  7 2005   0.00000   2.079694986343384
  1  8 2005   0.00000   0.801782906055450
  1  9 2005   0.20184   0.345901906490326
  1 10 2005   1.69976   0.184476241469383
  1 11 2005  12.22328   0.157544568181038
