1	573	490.4116316	0.070708799	0.8	0.340000004	8.890000343	0.433999985	0.258949995	125	0.349230995	0.490411632	0.39473684211
2	589	1138.734776	0.034561601	0.8	0.340000004	8.890000343	0.433999985	0.258949995	125	0.335	1.138734776	0.64035087719
3	389	1150.780008	0.481417007	0.8	0.340000004	8.890000343	0.433999985	0.258949995	125	0.02	1.150780008	0.37391304348
4	417	1168.774074	0.43399601	0.8	0.340000004	8.890000343	0.433999985	0.258949995	125	0.0292857	1.168774074	0.34188034188
5	437	295.91454	0.281889992	0.8	0.340000004	8.890000343	0.433999985	0.258949995	125	0.044000001	0.29591454	0.40170940171
6	449	707.2409179	0.325928993	0.8	0.340000004	8.890000343	0.433999985	0.258949995	125	0.050625	0.707240918	0.28813559322
7	574	1238.618214	0.048972802	0.8	0.340000004	8.890000343	0.433999985	0.258949995	125	0.34	1.238618214	0.55645161290
8	244	609.1621652	0.617249985	0.8	0.340000004	8.890000343	0.433999985	0.258949995	125	0.01	0.609162165	0.82812500000
9	383	439.6845553	0.468526001	0.8	0.340000004	8.890000343	0.433999985	0.258949995	125	0.02	0.439684555	0.33593750000
10	531	487.714005	0.0383688	0.8	0.340000004	8.890000343	0.433999985	0.258949995	125	0.227646999	0.487714005	0.39843750000
11	349	308.281381	0.491164017	0.8	0.340000004	8.890000343	0.433999985	0.258949995	125	0.002	0.308281381	0.38759689923
12	555	259.5819793	0.085390701	0.8	0.340000004	8.890000343	0.433999985	0.258949995	125	0.277367992	0.259581979	0.54887218045
13	269	451.1897998	0.497803993	0.8	0.340000004	8.890000343	0.433999985	0.258949995	125	0.03	0.4511898	0.67407407407
14	521	975.0704375	0.207856007	0.8	0.340000004	8.890000343	0.433999985	0.258949995	125	0.14	0.975070437	0.40441176471
15	282	249.5809965	0.350369987	0.8	0.340000004	8.890000343	0.433999985	0.258949995	125	0.01	0.249580996	0.32846715329
16	254	989.3592132	0.281378002	0.8	0.340000004	8.890000343	0.433999985	0.258949995	125	0.03	0.989359213	0.86956521739
17	293	399.6397378	0.477574005	0.8	0.340000004	8.890000343	0.433999985	0.258949995	125	0.03	0.399639738	0.85106382979
18	324	381.3741615	0.492635994	0.8	0.340000004	8.890000343	0.433999985	0.258949995	125	0.0133333	0.381374162	0.34507042254
19	431	421.2545369	0.449793015	0.8	0.340000004	8.890000343	0.433999985	0.258949995	125	0.028666699	0.421254537	0.34965034965
20	314	163.1511362	0.419132004	0.8	0.340000004	8.890000343	0.433999985	0.258949995	125	0.0035	0.163151136	0.60264900662
21	379	229.096425	0.467798004	0.8	0.340000004	8.890000343	0.433999985	0.258949995	125	0.02	0.229096425	0.35761589404
22	245	653.8447102	0.679307022	0.8	0.340000004	8.890000343	0.433999985	0.258949995	125	0.01	0.65384471	0.75657894737
23	256	332.1389573	0.331997986	0.8	0.340000004	8.890000343	0.433999985	0.258949995	125	0.03	0.332138957	0.72121212121
24	615	158.9740484	0.207005997	0.8	0.340000004	8.890000343	0.433999985	0.258949995	125	0.193635998	0.158974048	0.38554216868
25	596	716.2394931	0.066675	0.8	0.340000004	8.890000343	0.433999985	0.258949995	125	0.2	0.716239493	0.69461077844
26	569	279.2941575	0.0282582	0.8	0.340000004	8.890000343	0.433999985	0.258949995	125	0.282856998	0.279294157	0.44886363636
27	348	358.4189468	0.564380989	0.8	0.340000004	8.890000343	0.433999985	0.258949995	125	0.01	0.358418947	0.41899441341
28	396	517.1385757	0.400653	0.8	0.340000004	8.890000343	0.433999985	0.258949995	125	0.0340909	0.517138576	0.34054054054
29	368	201.6188679	0.401035004	0.8	0.340000004	8.890000343	0.433999985	0.258949995	125	0.012963001	0.201618868	0.34517766498
30	377	296.5536391	0.632937012	0.8	0.340000004	8.890000343	0.433999985	0.258949995	125	0.02	0.296553639	0.39698492462
31	250	350.8824924	0.709191971	0.8	0.340000004	8.890000343	0.433999985	0.258949995	125	0.01	0.350882492	0.73300970874
32	509	165.3797849	0.138519001	0.8	0.340000004	8.890000343	0.433999985	0.258949995	125	0.142307997	0.165379785	0.37500000000
33	304	264.4276495	0.45448101	0.8	0.340000004	8.890000343	0.433999985	0.258949995	125	0.03	0.264427649	0.63849765258
34	578	194.0662781	0.0660958	0.8	0.340000004	8.890000343	0.433999985	0.258949995	125	0.257691994	0.194066278	0.47417840376
35	592	465.1589473	0.020754299	0.8	0.340000004	8.890000343	0.433999985	0.258949995	125	0.301110992	0.465158947	0.45794392523
36	577	66.60433759	0.060293899	0.8	0.340000004	8.890000343	0.433999985	0.258949995	125	0.349258995	0.066604338	0.56250000000
37	502	332.1076237	0.146921997	0.8	0.340000004	8.890000343	0.433999985	0.258949995	125	0.167241001	0.332107624	0.46491228070
38	522	157.9474888	0.116372004	0.8	0.340000004	8.890000343	0.433999985	0.258949995	125	0.139309998	0.157947489	0.38157894737
39	524	380.5440845	0.127561998	0.8	0.340000004	8.890000343	0.433999985	0.258949995	125	0.215172005	0.380544084	0.44347826087
40	308	211.1494104	0.703080978	0.8	0.340000004	8.890000343	0.433999985	0.258949995	125	0.011428601	0.21114941	0.34188034188
41	587	77.11856485	0.106799002	0.8	0.340000004	8.890000343	0.433999985	0.258949995	125	0.186896992	0.077118565	0.37179487180
42	313	357.9559307	0.634264984	0.8	0.340000004	8.890000343	0.433999985	0.258949995	125	0.01	0.357955931	0.38493723849
43	358	276.9418641	0.426273003	0.8	0.340000004	8.890000343	0.433999985	0.258949995	125	0.0246875	0.276941864	0.34251968504
44	581	97.9384274	0.042965498	0.8	0.340000004	8.890000343	0.433999985	0.258949995	125	0.348181992	0.097938427	0.49606299213
45	644	178.8792048	0.144146004	0.8	0.340000004	8.890000343	0.433999985	0.258949995	0	0.184515991	0.178879205	0.56250000000
46	341	165.3989884	0.315879002	0.8	0.340000004	8.890000343	0.433999985	0.258949995	125	0.01	0.165398988	0.38759689923
47	656	223.4335495	0.061381898	0.8	0.340000004	8.890000343	0.433999985	0.258949995	0	0.179722004	0.223433549	0.45323741007
48	584	508.1006816	0.0436096	0.8	0.340000004	8.890000343	0.433999985	0.258949995	125	0.341764984	0.508100682	0.49466192171
49	259	552.5808996	0.529393997	0.8	0.340000004	8.890000343	0.433999985	0.258949995	125	0.00837838	0.5525809	0.83745583039
50	463	223.3480886	0.341980019	0.8	0.340000004	8.890000343	0.433999985	0.258949995	125	0.055833302	0.223348089	0.32042253521
51	591	252.5069522	0.0355393	0.8	0.340000004	8.890000343	0.433999985	0.258949995	125	0.355385017	0.252506952	0.43197278912
52	286	388.2698255	0.426621017	0.8	0.340000004	8.890000343	0.433999985	0.258949995	125	0.000731707	0.388269826	0.58536585366
53	394	206.8162452	0.448703003	0.8	0.340000004	8.890000343	0.433999985	0.258949995	125	0.02	0.206816245	0.36280487805
54	327	231.1603544	0.443894005	0.8	0.340000004	8.890000343	0.433999985	0.258949995	125	0.00692308	0.231160354	0.62275449102
55	357	131.1134222	0.577986984	0.8	0.340000004	8.890000343	0.433999985	0.258949995	125	0.0075	0.131113422	0.25714285714
56	583	139.4926314	0.077396498	0.8	0.340000004	8.890000343	0.433999985	0.258949995	125	0.261627998	0.139492631	0.53352769679
57	370	296.4318892	0.547820015	0.8	0.340000004	8.890000343	0.433999985	0.258949995	125	0.019268301	0.296431889	0.38662790698
58	334	301.7828634	0.58581501	0.8	0.340000004	8.890000343	0.433999985	0.258949995	125	0.0108889	0.301782863	0.36023054755
59	374	88.56488957	0.559025002	0.8	0.340000004	8.890000343	0.433999985	0.258949995	125	0.02	0.08856489	0.34693877551
60	597	10.46051837	0.00477443	0.8	0	0	0	0	0	0.03	0.010460518	0.00000000000
61	576	195.5389839	0.0395292	0.8	0.340000004	8.890000343	0.433999985	0.258949995	125	0.340475998	0.195538984	0.56976744186
62	444	225.7038883	0.402743988	0.8	0.340000004	8.890000343	0.433999985	0.258949995	125	0.0296226	0.225703888	0.32687651332
63	593	201.3385923	0.134398003	0.8	0.340000004	8.890000343	0.433999985	0.258949995	125	0.15566	0.201338592	0.41445783133
64	618	150.1915505	0.0162825	0.8	0.340000004	8.890000343	0.433999985	0.258949995	125	0.247593002	0.15019155	0.43427230047
65	606	196.6689211	0.180181999	0.8	0.340000004	8.890000343	0.433999985	0.258949995	125	0.184820995	0.196668921	0.38724373576
66	322	233.471417	0.668406982	0.8	0.340000004	8.890000343	0.433999985	0.258949995	125	0.018983099	0.233471417	0.34505494506
67	388	327.8848161	0.499775009	0.8	0.340000004	8.890000343	0.433999985	0.258949995	125	0.02	0.327884816	0.38853503185
68	575	256.585948	0.052760301	0.8	0.340000004	8.890000343	0.433999985	0.258949995	125	0.347142982	0.256585948	0.33121019108
69	550	317.0616504	0.169528008	0.8	0.340000004	8.890000343	0.433999985	0.258949995	125	0.190909004	0.31706165	0.44901960784
70	233	239.7714565	0.317108994	0.8	0.340000004	8.890000343	0.433999985	0.258949995	125	0.03	0.239771456	0.75976562500
71	267	70.87001675	0.692481995	0.8	0.340000004	8.890000343	0.433999985	0.258949995	125	0.01	0.070870017	0.55102040816
72	604	278.372298	0.165510998	0.8	0.340000004	8.890000343	0.433999985	0.258949995	125	0.147737999	0.278372298	0.35356600911
73	255	246.0245946	0.275016003	0.8	0.340000004	8.890000343	0.433999985	0.258949995	125	0.000232558	0.246024595	0.52892561984
74	599	140.5148239	0.023622799	0.8	0.340000004	8.890000343	0.433999985	0.258949995	125	0.251429005	0.140514824	0.47272727273
75	249	343.3732595	0.596016998	0.8	0.340000004	8.890000343	0.433999985	0.258949995	125	0.01	0.34337326	0.40425531915
76	302	297.4474997	0.392041016	0.8	0.340000004	8.890000343	0.433999985	0.258949995	125	0.03	0.2974475	0.48000000000
77	525	244.1704981	0.094360905	0.8	0.340000004	8.890000343	0.433999985	0.258949995	125	0.263878002	0.244170498	0.41116751269
78	472	183.587197	0.273453999	0.8	0.340000004	8.890000343	0.433999985	0.258949995	125	0.139263	0.183587197	0.31459170013
79	439	347.2342214	0.412952995	0.8	0.340000004	8.890000343	0.433999985	0.258949995	125	0.043020802	0.347234221	0.32236842105
80	395	152.7005804	0.398550987	0.8	0.340000004	8.890000343	0.433999985	0.258949995	125	0.0346667	0.15270058	0.28225806452
81	600	136.1999148	0.0180493	0.8	0.340000004	8.890000343	0.433999985	0.258949995	125	0.257879009	0.136199915	0.50184501845
82	362	185.6939093	0.557481003	0.8	0.340000004	8.890000343	0.433999985	0.258949995	125	0.0144444	0.185693909	0.28571428571
83	270	166.5072319	0.674224014	0.8	0.340000004	8.890000343	0.433999985	0.258949995	125	0.008	0.166507232	0.44700460830
84	562	34.92302522	0.0174383	0.8	0.340000004	8.890000343	0.433999985	0.258949995	125	0.35	0.034923025	0.12500000000
85	319	135.2285254	0.226991005	0.8	0.340000004	8.890000343	0.433999985	0.258949995	125	0.03	0.135228525	0.67500000000
86	518	156.0508677	0.041332002	0.8	0.340000004	8.890000343	0.433999985	0.258949995	125	0.256667004	0.156050868	0.45454545455
87	281	181.3779402	0.603992996	0.8	0.340000004	8.890000343	0.433999985	0.258949995	125	0.00942857	0.18137794	0.48363636364
88	332	44.95369794	0.133494997	0.8	0	0	0	0	0	0.03	0.044953698	1.00000000000
89	540	434.5128916	0.0390885	0.8	0.340000004	8.890000343	0.433999985	0.258949995	125	0.256667004	0.434512892	0.44827586207
90	545	292.5074278	0.203423996	0.8	0.340000004	8.890000343	0.433999985	0.258949995	125	0.200769005	0.292507428	0.41860465116
91	455	147.6759349	0.259085999	0.8	0.340000004	8.890000343	0.433999985	0.258949995	125	0.086730804	0.147675935	0.27872860636
92	605	331.5488325	0.086089897	0.8	0.340000004	8.890000343	0.433999985	0.258949995	125	0.184074001	0.331548833	0.53211009174
93	277	228.4360738	0.534786987	0.8	0.340000004	8.890000343	0.433999985	0.258949995	125	0.01	0.228436074	0.40625000000
94	312	161.3105564	0.577960014	0.8	0.340000004	8.890000343	0.433999985	0.258949995	125	0.01	0.161310556	0.51666666667
95	335	14.98456533	0.147055998	0.8	0	0	0	0	0	0.03	0.014984565	0.00000000000
96	542	147.9439758	0.024695699	0.8	0.340000004	8.890000343	0.433999985	0.258949995	125	0.297618999	0.147943976	0.33720930233
97	323	135.2159116	0.465349998	0.8	0.340000004	8.890000343	0.433999985	0.258949995	125	0.0118182	0.135215912	0.50000000000
98	607	30.02191527	0.00904429	0.8	0	0	0	0	0	0.03	0.030021915	0.50000000000
99	338	230.9504657	0.444729004	0.8	0.340000004	8.890000343	0.433999985	0.258949995	125	0.005	0.230950466	0.47441860465
100	290	214.8552922	0.601915016	0.8	0.340000004	8.890000343	0.433999985	0.258949995	125	0.01	0.214855292	0.52611940299
101	373	43.01599332	0.602612991	0.8	0.340000004	8.890000343	0.433999985	0.258949995	125	0.02	0.043015993	0.75000000000
102	608	232.6881905	0.029590399	0.8	0.340000004	8.890000343	0.433999985	0.258949995	125	0.22	0.23268819	0.35869565217
103	378	162.4930571	0.482584991	0.8	0.340000004	8.890000343	0.433999985	0.258949995	125	0.02	0.162493057	0.46226415094
104	624	230.5348251	0.109015999	0.8	0.340000004	8.890000343	0.433999985	0.258949995	125	0.211707001	0.230534825	0.58501440922
105	381	158.0241067	0.408686981	0.8	0.340000004	8.890000343	0.433999985	0.258949995	125	0.02	0.158024107	0.50000000000
106	318	112.6935621	0.578961983	0.8	0.340000004	8.890000343	0.433999985	0.258949995	125	0.013	0.112693562	0.50000000000
107	391	255.3786454	0.518074989	0.8	0.340000004	8.890000343	0.433999985	0.258949995	125	0.0223913	0.255378645	0.39481268012
108	337	269.5952032	0.613703003	0.8	0.340000004	8.890000343	0.433999985	0.258949995	125	0.02	0.269595203	0.41414141414
109	423	156.3356315	0.429933014	0.8	0.340000004	8.890000343	0.433999985	0.258949995	125	0.03	0.156335631	0.46391752577
110	369	176.1283834	0.447182999	0.8	0.340000004	8.890000343	0.433999985	0.258949995	125	0.02	0.176128383	0.37272727273
111	380	190.4062799	0.40906601	0.8	0.340000004	8.890000343	0.433999985	0.258949995	125	0.030322599	0.19040628	0.44444444444
112	438	287.8506383	0.368261986	0.8	0.340000004	8.890000343	0.433999985	0.258949995	125	0.047894702	0.287850638	0.45076400679
113	398	274.8860193	0.414687996	0.8	0.340000004	8.890000343	0.433999985	0.258949995	125	0.042272701	0.274886019	0.44444444444
114	479	254.8986699	0.249270992	0.8	0.340000004	8.890000343	0.433999985	0.258949995	125	0.097011499	0.25489867	0.44444444444
115	432	195.2743462	0.209438992	0.8	0.340000004	8.890000343	0.433999985	0.258949995	125	0.099677401	0.195274346	0.46858638744
116	503	161.6414311	0.262352009	0.8	0.340000004	8.890000343	0.433999985	0.258949995	125	0.17	0.161641431	0.46551724138
117	519	162.9092321	0.184764996	0.8	0.340000004	8.890000343	0.433999985	0.258949995	125	0.17	0.162909232	0.54867256637
118	544	266.0041899	0.111229	0.8	0.340000004	8.890000343	0.433999985	0.258949995	125	0.329500008	0.26600419	0.55654383736
119	566	184.2105334	0.069679999	0.8	0.340000004	8.890000343	0.433999985	0.258949995	125	0.313043003	0.184210533	0.47252747253
120	565	372.1067473	0.0361496	0.8	0.340000004	8.890000343	0.433999985	0.258949995	125	0.299318008	0.372106747	0.37283236994
121	571	217.8674283	0.064195399	0.8	0.340000004	8.890000343	0.433999985	0.258949995	125	0.326153984	0.217867428	0.53174603175
122	579	340.0646734	0.026092501	0.8	0.340000004	8.890000343	0.433999985	0.258949995	125	0.320385017	0.340064673	0.70707070707
123	580	352.2831522	0.024895799	0.8	0.340000004	8.890000343	0.433999985	0.258949995	125	0.319654999	0.352283152	0.57831325301
124	582	324.2786003	0.022971499	0.8	0.340000004	8.890000343	0.433999985	0.258949995	125	0.33	0.3242786	0.53763440860
125	585	151.2370475	0.0153729	0.8	0.340000004	8.890000343	0.433999985	0.258949995	125	0.33	0.151237048	0.48717948718
126	586	169.3998867	0.028612399	0.8	0.340000004	8.890000343	0.433999985	0.258949995	125	0.335	0.169399887	0.52727272727
127	590	295.1034502	0.022364199	0.8	0.340000004	8.890000343	0.433999985	0.258949995	125	0.304109993	0.29510345	0.47058823529
128	609	400.2027332	0.020432	0.8	0.340000004	8.890000343	0.433999985	0.258949995	125	0.285	0.400202733	0.46330275229
129	620	413.6817895	0.064643698	0.8	0.340000004	8.890000343	0.433999985	0.258949995	125	0.22655899	0.41368179	0.55677154583
130	638	441.1175369	0.0315045	0.8	0.340000004	8.890000343	0.433999985	0.258949995	125	0.197110996	0.441117537	0.61159420290
131	645	287.5239343	0.0158645	0.8	0.340000004	8.890000343	0.433999985	0.258949995	125	0.182399998	0.287523934	0.64102564103
132	663	198.8351641	0.00961305	0.8	0.340000004	8.890000343	0.433999985	0.258949995	125	0.142222004	0.198835164	0.62641509434
133	664	440.8257695	0.00916564	0.8	0.340000004	8.890000343	0.433999985	0.258949995	125	0.15	0.44082577	0.58196721312
134	736	1130.487359	0.410878983	0.8	0.340000004	8.890000343	0.433999985	0.258949995	49	0.01	1.130487359	0.33628318584
135	779	1130.56779	0.0134839	0.8	0.340000004	8.890000343	0.433999985	0.258949995	125	0.081428604	1.13056779	0.47787610620
136	694	831.5888895	0.612723999	0.8	0.340000004	8.890000343	0.433999985	0.258949995	49	0.03	0.83158889	0.32758620690
137	610	1179.020128	0.512616997	0.8	0.340000004	8.890000343	0.433999985	0.258949995	125	0.03	1.179020128	0.77966101695
138	652	881.7737621	0.592472	0.8	0.340000004	8.890000343	0.433999985	0.258949995	49	0.03	0.881773762	0.38211382114
139	709	1250.569629	0.250953007	0.8	0.340000004	8.890000343	0.433999985	0.258949995	49	0.019375	1.250569629	0.50400000000
140	715	288.5858521	0.386257019	0.8	0.340000004	8.890000343	0.433999985	0.258949995	49	0.03	0.288585852	0.36800000000
141	780	910.4827365	0.365908012	0.8	0.340000004	8.890000343	0.433999985	0.258949995	125	0.01	0.910482737	0.35433070866
142	654	312.2475818	0.538768997	0.8	0.340000004	8.890000343	0.433999985	0.258949995	49	0.03	0.312247582	0.37500000000
143	782	499.2504745	0.235918999	0.8	0.340000004	8.890000343	0.433999985	0.258949995	125	0.01	0.499250475	0.40458015267
144	647	444.6210902	0.538605995	0.8	0.340000004	8.890000343	0.433999985	0.258949995	49	0.03	0.44462109	0.37593984962
145	619	462.9560964	0.697612	0.8	0.340000004	8.890000343	0.433999985	0.258949995	49	0.03	0.462956096	0.85611510791
146	698	595.9526873	0.490569	0.8	0.340000004	8.890000343	0.433999985	0.258949995	49	0.03	0.595952687	0.35971223022
147	670	428.7610207	0.594494019	0.8	0.340000004	8.890000343	0.433999985	0.258949995	125	0.01	0.428761021	0.34285714286
148	634	470.1915502	0.597140999	0.8	0.340000004	8.890000343	0.433999985	0.258949995	49	0.03	0.47019155	0.41843971631
149	712	543.1897988	0.173055	0.8	0.340000004	8.890000343	0.433999985	0.258949995	125	0.025999999	0.543189799	0.42553191489
150	685	467.7958987	0.561828003	0.8	0.340000004	8.890000343	0.433999985	0.258949995	49	0.03	0.467795899	0.32167832168
151	743	730.809042	0.431497002	0.8	0.340000004	8.890000343	0.433999985	0.258949995	49	0.0238889	0.730809042	0.35664335664
152	733	203.8661228	0.372472	0.8	0.340000004	8.890000343	0.433999985	0.258949995	49	0.00941176	0.203866123	0.35862068966
153	673	348.2695263	0.637206001	0.8	0.340000004	8.890000343	0.433999985	0.258949995	49	0.03	0.348269526	0.32876712329
154	806	430.0779935	0.013388799	0.8	0.340000004	8.890000343	0.433999985	0.258949995	125	0.070476198	0.430077994	0.38356164384
155	775	318.1297909	0.0130603	0.8	0.340000004	8.890000343	0.433999985	0.258949995	125	0.068947401	0.318129791	0.54421768708
156	739	493.1360701	0.358672981	0.8	0.340000004	8.890000343	0.433999985	0.258949995	49	0.01	0.49313607	0.35810810811
157	731	233.250675	0.383981018	0.8	0.340000004	8.890000343	0.433999985	0.258949995	49	0.00681818	0.233250675	0.33557046980
158	633	320.5143472	0.487700996	0.8	0.340000004	8.890000343	0.433999985	0.258949995	125	0.03	0.320514347	0.35333333333
159	760	285.3700438	0.452296982	0.8	0.340000004	8.890000343	0.433999985	0.258949995	76	0.01	0.285370044	0.43333333333
160	811	531.3529441	0.302201004	0.8	0.340000004	8.890000343	0.433999985	0.258949995	125	0.02	0.531352944	0.40131578947
161	639	733.0021831	0.687753983	0.8	0.340000004	8.890000343	0.433999985	0.258949995	49	0.03	0.733002183	0.33766233766
162	816	1550.70312	0.221863003	0.8	0.340000004	8.890000343	0.433999985	0.258949995	125	0.02	1.55070312	0.49032258065
163	681	265.0067168	0.664597015	0.8	0.340000004	8.890000343	0.433999985	0.258949995	49	0.03	0.265006717	0.32484076433
164	776	172.2065994	0.121427002	0.8	0.340000004	8.890000343	0.433999985	0.258949995	125	0.0425	0.172206599	0.47133757962
165	810	222.1666585	0.0215168	0.8	0.340000004	8.890000343	0.433999985	0.258949995	125	0.033157899	0.222166659	0.58227848101
166	738	434.618844	0.366576996	0.8	0.340000004	8.890000343	0.433999985	0.258949995	49	0.01	0.434618844	0.36477987421
167	808	344.136363	0.024371901	0.8	0.340000004	8.890000343	0.433999985	0.258949995	125	0.062631602	0.344136363	0.39751552795
168	803	397.636381	0.027084	0.8	0.340000004	8.890000343	0.433999985	0.258949995	125	0.07	0.397636381	0.41717791411
169	757	502.7418867	0.081376305	0.8	0.340000004	8.890000343	0.433999985	0.258949995	125	0.047618999	0.502741887	0.46341463415
170	734	224.991863	0.434962006	0.8	0.340000004	8.890000343	0.433999985	0.258949995	49	0.01	0.224991863	0.33734939759
171	795	339.8791385	0.022439301	0.8	0.340000004	8.890000343	0.433999985	0.258949995	125	0.049499998	0.339879139	0.59880239521
172	641	258.7016289	0.522685013	0.8	0.340000004	8.890000343	0.433999985	0.258949995	49	0.03	0.258701629	0.30177514793
173	705	365.5182606	0.203113003	0.8	0.340000004	8.890000343	0.433999985	0.258949995	125	0.027727301	0.365518261	0.45614035088
174	622	312.8654491	0.69305603	0.8	0.340000004	8.890000343	0.433999985	0.258949995	49	0.03	0.312865449	0.76300578035
175	632	268.2958436	0.640131989	0.8	0.340000004	8.890000343	0.433999985	0.258949995	49	0.03	0.268295844	0.58045977012
176	684	293.0276274	0.537638016	0.8	0.340000004	8.890000343	0.433999985	0.258949995	49	0.000869565	0.293027627	0.32571428571
177	789	732.2788304	0.0101292	0.8	0.340000004	8.890000343	0.433999985	0.258949995	125	0.081363602	0.73227883	0.56000000000
178	745	488.409751	0.441029015	0.8	0.340000004	8.890000343	0.433999985	0.258949995	49	0.027618999	0.488409751	0.39106145251
179	750	494.7548097	0.428037987	0.8	0.340000004	8.890000343	0.433999985	0.258949995	49	0.01	0.49475481	0.44198895028
180	765	292.3063768	0.412825012	0.8	0.340000004	8.890000343	0.433999985	0.258949995	116	0.01	0.292306377	0.41436464088
181	771	266.8693066	0.0135162	0.8	0.340000004	8.890000343	0.433999985	0.258949995	125	0.074545498	0.266869307	0.48633879781
182	598	345.9912871	0.530028992	0.8	0.340000004	8.890000343	0.433999985	0.258949995	49	0.03	0.345991287	0.85405405405
183	818	283.1526779	0.188257999	0.8	0.340000004	8.890000343	0.433999985	0.258949995	125	0.0204	0.283152678	0.31891891892
184	679	206.3319568	0.639898987	0.8	0.340000004	8.890000343	0.433999985	0.258949995	49	0.03	0.206331957	0.32795698925
185	769	283.9097604	0.426449013	0.8	0.340000004	8.890000343	0.433999985	0.258949995	125	0.01	0.28390976	0.35294117647
186	777	238.53461	0.459715004	0.8	0.340000004	8.890000343	0.433999985	0.258949995	125	0.01	0.23853461	0.33155080214
187	611	1347.760474	0.600383987	0.8	0.340000004	8.890000343	0.433999985	0.258949995	125	0.03	1.347760474	0.90425531915
188	723	351.6399596	0.308829002	0.8	0.340000004	8.890000343	0.433999985	0.258949995	49	0.000833333	0.35163996	0.30851063830
189	812	211.209683	0.0598139	0.8	0.340000004	8.890000343	0.433999985	0.258949995	125	0.029200001	0.211209683	0.63157894737
190	650	419.8165065	0.506213989	0.8	0.340000004	8.890000343	0.433999985	0.258949995	49	0.03	0.419816507	0.32989690722
191	706	102.8077385	0.340671997	0.8	0.340000004	8.890000343	0.433999985	0.258949995	49	0.03	0.102807739	0.31794871795
192	721	215.1282621	0.485554008	0.8	0.340000004	8.890000343	0.433999985	0.258949995	49	0.03	0.215128262	0.34183673469
193	693	230.8050172	0.468672981	0.8	0.340000004	8.890000343	0.433999985	0.258949995	49	0.00444444	0.230805017	0.31707317073
194	668	333.2157862	0.600206985	0.8	0.340000004	8.890000343	0.433999985	0.258949995	125	0.01	0.333215786	0.34285714286
195	603	472.2401556	0.563858986	0.8	0.340000004	8.890000343	0.433999985	0.258949995	49	0.03	0.472240156	0.90497737557
196	717	203.5199376	0.428891983	0.8	0.340000004	8.890000343	0.433999985	0.258949995	49	0.03	0.203519938	0.36036036036
197	746	246.6792664	0.337826004	0.8	0.340000004	8.890000343	0.433999985	0.258949995	49	0.01	0.246679266	0.36444444444
198	754	284.6692933	0.417299004	0.8	0.340000004	8.890000343	0.433999985	0.258949995	54	0.00892857	0.284669293	0.34934497817
199	797	101.13551	0.033291199	0.8	0.340000004	8.890000343	0.433999985	0.258949995	125	0.060322599	0.10113551	0.42358078603
200	701	267.7046861	0.474063988	0.8	0.340000004	8.890000343	0.433999985	0.258949995	49	0.01	0.267704686	0.37229437229
201	749	172.5323947	0.323027	0.8	0.340000004	8.890000343	0.433999985	0.258949995	111	0.0325	0.172532395	0.33047210300
202	616	246.2649275	0.604682999	0.8	0.340000004	8.890000343	0.433999985	0.258949995	49	0.03	0.246264927	0.70370370370
203	687	203.0907678	0.328250008	0.8	0.340000004	8.890000343	0.433999985	0.258949995	118	0.01	0.203090768	0.35887096774
204	699	201.6591719	0.483526993	0.8	0.340000004	8.890000343	0.433999985	0.258949995	49	0.03	0.201659172	0.31854838710
205	631	173.7601347	0.674045029	0.8	0.340000004	8.890000343	0.433999985	0.258949995	49	0.03	0.173760135	0.62549800797
206	623	328.9821204	0.702637024	0.8	0.340000004	8.890000343	0.433999985	0.258949995	49	0.03	0.32898212	0.61328125000
207	702	380.179026	0.232334003	0.8	0.340000004	8.890000343	0.433999985	0.258949995	125	0.0166667	0.380179026	0.36981132076
208	784	367.3727753	0.0137787	0.8	0.340000004	8.890000343	0.433999985	0.258949995	125	0.06	0.367372775	0.44943820225
209	640	189.1846775	0.596549988	0.8	0.340000004	8.890000343	0.433999985	0.258949995	49	0.00228571	0.189184678	0.32342007435
210	653	97.19317513	0.453086014	0.8	0.340000004	8.890000343	0.433999985	0.258949995	49	0.03	0.097193175	0.45454545455
211	655	225.9346726	0.565125999	0.8	0.340000004	8.890000343	0.433999985	0.258949995	49	0.03	0.225934673	0.32481751825
212	728	241.1474038	0.322507019	0.8	0.340000004	8.890000343	0.433999985	0.258949995	49	0.00485714	0.241147404	0.37142857143
213	674	325.979068	0.636935997	0.8	0.340000004	8.890000343	0.433999985	0.258949995	49	0.03	0.325979068	0.37024221453
214	752	200.6399342	0.143664999	0.8	0.340000004	8.890000343	0.433999985	0.258949995	125	0.038333299	0.200639934	0.38305084746
215	601	445.476734	0.517728004	0.8	0.340000004	8.890000343	0.433999985	0.258949995	49	0.03	0.445476734	0.96321070234
216	804	130.7027175	0.174939003	0.8	0.340000004	8.890000343	0.433999985	0.258949995	125	0.0223684	0.130702717	0.44078947368
217	629	374.0184181	0.676919022	0.8	0.340000004	8.890000343	0.433999985	0.258949995	49	0.03	0.374018418	0.37012987013
218	697	90.07205528	0.484477997	0.8	0.340000004	8.890000343	0.433999985	0.258949995	49	0.03	0.090072055	0.24528301887
219	686	229.3072204	0.58736599	0.8	0.340000004	8.890000343	0.433999985	0.258949995	49	0.03	0.22930722	0.33542319749
220	671	231.0388366	0.624006004	0.8	0.340000004	8.890000343	0.433999985	0.258949995	49	0.03	0.231038837	0.33436532508
221	660	366.1310948	0.63730999	0.8	0.340000004	8.890000343	0.433999985	0.258949995	49	0.03	0.366131095	0.33641975309
222	791	258.5411719	0.160335007	0.8	0.340000004	8.890000343	0.433999985	0.258949995	125	0.018372101	0.258541172	0.36085626911
223	667	240.0960222	0.622061005	0.8	0.340000004	8.890000343	0.433999985	0.258949995	49	0.03	0.240096022	0.30792682927
224	815	60.02721099	0.136786003	0.8	0.340000004	8.890000343	0.433999985	0.258949995	125	0.02	0.060027211	0.50000000000
225	707	123.0582419	0.206646996	0.8	0.340000004	8.890000343	0.433999985	0.258949995	125	0.02	0.123058242	0.26829268293
226	703	284.7622533	0.417358017	0.8	0.340000004	8.890000343	0.433999985	0.258949995	49	0.01	0.284762253	0.34463276836
227	595	423.0203125	0.537935982	0.8	0.340000004	8.890000343	0.433999985	0.258949995	49	0.03	0.423020313	0.73389355742
228	820	258.9654555	0.054171	0.8	0.340000004	8.890000343	0.433999985	0.258949995	125	0.044693899	0.258965455	0.39627659575
229	682	275.2849053	0.64078598	0.8	0.340000004	8.890000343	0.433999985	0.258949995	49	0.03	0.275284905	0.34828496042
230	770	195.0639756	0.174375	0.8	0.340000004	8.890000343	0.433999985	0.258949995	125	0.0184	0.195063976	0.39552238806
231	753	219.9331296	0.345892982	0.8	0.340000004	8.890000343	0.433999985	0.258949995	120	0.023800001	0.21993313	0.31034482759
232	669	305.6833929	0.686706009	0.8	0.340000004	8.890000343	0.433999985	0.258949995	49	0.03	0.305683393	0.41404358354
233	748	180.1351007	0.430942001	0.8	0.340000004	8.890000343	0.433999985	0.258949995	85	0.025999999	0.180135101	0.32692307692
234	625	131.88064	0.595668983	0.8	0.340000004	8.890000343	0.433999985	0.258949995	49	0.03	0.13188064	0.51470588235
235	602	194.8615587	0.491450005	0.8	0.340000004	8.890000343	0.433999985	0.258949995	49	0.03	0.194861559	0.63577586207
236	627	207.9082466	0.610483017	0.8	0.340000004	8.890000343	0.433999985	0.258949995	49	0.03	0.207908247	0.30739299611
237	759	229.5191586	0.0293313	0.8	0.340000004	8.890000343	0.433999985	0.258949995	125	0.05	0.229519159	0.41379310345
238	763	146.7089561	0.139003	0.8	0.340000004	8.890000343	0.433999985	0.258949995	125	0.036212101	0.146708956	0.36486486487
239	683	148.3927447	0.440617981	0.8	0.340000004	8.890000343	0.433999985	0.258949995	49	0.00625	0.148392745	0.30666666667
240	649	167.9546872	0.588767014	0.8	0.340000004	8.890000343	0.433999985	0.258949995	49	0.03	0.167954687	0.29831932773
241	612	132.4893345	0.657432022	0.8	0.340000004	8.890000343	0.433999985	0.258949995	49	0.03	0.132489335	0.46666666667
242	613	232.5472822	0.570107994	0.8	0.340000004	8.890000343	0.433999985	0.258949995	125	0.03	0.232547282	0.48120300752
243	814	42.98264364	0.107391005	0.8	0.340000004	8.890000343	0.433999985	0.258949995	125	0.028571401	0.042982644	0.53164556962
244	719	197.7322084	0.347747002	0.8	0.340000004	8.890000343	0.433999985	0.258949995	49	0.03	0.197732208	0.32046979866
245	635	138.6555048	0.598093987	0.8	0.340000004	8.890000343	0.433999985	0.258949995	49	0.03	0.138655505	0.51162790698
246	594	342.7906383	0.512463989	0.8	0.340000004	8.890000343	0.433999985	0.258949995	49	0.03	0.342790638	0.73932926829
247	819	367.0684392	0.130948	0.8	0.340000004	8.890000343	0.433999985	0.258949995	125	0.028	0.367068439	0.47941176471
248	630	81.01161975	0.563002014	0.8	0.340000004	8.890000343	0.433999985	0.258949995	49	0.03	0.08101162	0.58620689655
249	665	99.24577105	0.588628006	0.8	0.340000004	8.890000343	0.433999985	0.258949995	49	0.00583333	0.099245771	0.25471698113
250	588	259.8139906	0.470390015	0.8	0.340000004	8.890000343	0.433999985	0.258949995	125	0.03	0.259813991	0.56320224719
251	672	175.0318564	0.436921005	0.8	0.340000004	8.890000343	0.433999985	0.258949995	108	0.01	0.175031856	0.30183727034
252	708	145.5977902	0.250681992	0.8	0.340000004	8.890000343	0.433999985	0.258949995	125	0.02	0.14559779	0.39860139860
253	744	117.2437263	0.269377995	0.8	0.340000004	8.890000343	0.433999985	0.258949995	93	0.033871	0.117243726	0.33832976445
254	821	255.5227575	0.0619346	0.8	0.340000004	8.890000343	0.433999985	0.258949995	125	0.029375	0.255522758	0.42821158690
255	614	175.2080927	0.678207016	0.8	0.340000004	8.890000343	0.433999985	0.258949995	49	0.03	0.175208093	0.49828178694
256	642	64.94717592	0.429805984	0.8	0.340000004	8.890000343	0.433999985	0.258949995	49	0.03	0.064947176	0.69230769231
257	675	53.03502888	0.481320992	0.8	0.340000004	8.890000343	0.433999985	0.258949995	49	0.00666667	0.053035029	0.33333333333
258	755	76.63671035	0.225459003	0.8	0.340000004	8.890000343	0.433999985	0.258949995	125	0.04	0.07663671	0.34000000000
259	696	179.6589037	0.461091003	0.8	0.340000004	8.890000343	0.433999985	0.258949995	49	0.03	0.179658904	0.30516431925
260	658	24.64521145	0.359639015	0.8	0	0	0	0	0	0.03	0.024645211	0.75000000000
261	621	244.6619068	0.553913002	0.8	0.340000004	8.890000343	0.433999985	0.258949995	86	0.00419355	0.244661907	0.48484848485
262	643	85.87910532	0.616999016	0.8	0.340000004	8.890000343	0.433999985	0.258949995	49	0.03	0.085879105	0.54430379747
263	646	124.3279204	0.647005005	0.8	0.340000004	8.890000343	0.433999985	0.258949995	49	0.03	0.12432792	0.43421052632
264	689	243.4825115	0.439668999	0.8	0.340000004	8.890000343	0.433999985	0.258949995	49	0.01	0.243482512	0.32183908046
265	628	144.3659721	0.506878014	0.8	0.340000004	8.890000343	0.433999985	0.258949995	49	0.03	0.144365972	0.43621399177
266	758	57.43275658	0.0935394	0.8	0.340000004	8.890000343	0.433999985	0.258949995	125	0.0425	0.057432757	0.47500000000
267	617	267.7489064	0.652529984	0.8	0.340000004	8.890000343	0.433999985	0.258949995	49	0.03	0.267748906	0.50170648464
268	762	81.94110015	0.0126357	0.8	0.340000004	8.890000343	0.433999985	0.258949995	125	0.05	0.0819411	0.37500000000
269	817	209.6318991	0.095585499	0.8	0.340000004	8.890000343	0.433999985	0.258949995	125	0.036842101	0.209631899	0.52000000000
270	651	109.5088986	0.496640015	0.8	0.340000004	8.890000343	0.433999985	0.258949995	49	0.03	0.109508899	0.63829787234
271	626	269.2019434	0.486716995	0.8	0.340000004	8.890000343	0.433999985	0.258949995	125	0.03	0.269201943	0.42641509434
272	805	131.2325663	0.0326036	0.8	0.340000004	8.890000343	0.433999985	0.258949995	125	0.047037001	0.131232566	0.33576642336
273	657	104.1654784	0.520741997	0.8	0.340000004	8.890000343	0.433999985	0.258949995	49	0.03	0.104165478	0.43661971831
274	813	502.1410769	0.092488899	0.8	0.340000004	8.890000343	0.433999985	0.258949995	125	0.04	0.502141077	0.54166666667
275	718	308.3916024	0.346646996	0.8	0.340000004	8.890000343	0.433999985	0.258949995	49	0.00171429	0.308391602	0.32155477032
276	802	136.6938931	0.020616	0.8	0.340000004	8.890000343	0.433999985	0.258949995	125	0.07	0.136693893	0.43243243243
277	764	173.8538226	0.0210673	0.8	0.340000004	8.890000343	0.433999985	0.258949995	125	0.051599998	0.173853823	0.45360824742
278	636	172.7455439	0.604234009	0.8	0.340000004	8.890000343	0.433999985	0.258949995	49	0.03	0.172745544	0.54037267081
279	722	35.35685774	0.344315987	0.8	0.340000004	8.890000343	0.433999985	0.258949995	49	0.01	0.035356858	0.37500000000
280	807	77.29735927	0.0139226	0.8	0.340000004	8.890000343	0.433999985	0.258949995	125	0.07	0.077297359	0.35051546392
281	677	206.2977524	0.466293983	0.8	0.340000004	8.890000343	0.433999985	0.258949995	49	0.00820513	0.206297752	0.43000000000
282	809	18.4927966	0.0103052	0.8	0	0	0	0	125	0.08	0.018492797	0.66666666667
283	801	84.30900679	0.0102574	0.8	0	0	0	0	125	0.08	0.084309007	0.73437500000
284	648	153.6740079	0.53142601	0.8	0.340000004	8.890000343	0.433999985	0.258949995	49	0.03	0.153674008	0.40425531915
285	690	75.27493385	0.374902992	0.8	0	0	0	0	0	0.03	0.075274934	0.57142857143
286	798	242.5419035	0.0396667	0.8	0.340000004	8.890000343	0.433999985	0.258949995	125	0.045528498	0.242541904	0.48521916412
287	637	244.8729184	0.378330002	0.8	0.340000004	8.890000343	0.433999985	0.258949995	125	0.0105556	0.244872918	0.44267515924
288	661	257.0396268	0.595741997	0.8	0.340000004	8.890000343	0.433999985	0.258949995	49	0.03	0.257039627	0.42950108460
289	691	339.8691651	0.319526005	0.8	0.340000004	8.890000343	0.433999985	0.258949995	79	0.0119608	0.339869165	0.40389294404
290	761	113.9139447	0.0136595	0.8	0.340000004	8.890000343	0.433999985	0.258949995	125	0.0692308	0.113913945	0.29936305733
291	659	43.85006548	0.456311989	0.8	0	0	0	0	0	0.03	0.043850065	0.42857142857
292	773	18.79440222	0.00742559	0.8	0.340000004	8.890000343	0.433999985	0.258949995	125	0.09	0.018794402	0.33333333333
293	710	150.013439	0.264841003	0.8	0.340000004	8.890000343	0.433999985	0.258949995	49	0.0107692	0.150013439	0.47311827957
294	676	114.9074398	0.490746994	0.8	0.340000004	8.890000343	0.433999985	0.258949995	49	0.03	0.11490744	0.39130434783
295	774	150.449295	0.010048	0.8	0.340000004	8.890000343	0.433999985	0.258949995	125	0.085	0.150449295	0.57777777778
296	778	200.140177	0.0108663	0.8	0.340000004	8.890000343	0.433999985	0.258949995	125	0.0853333	0.200140177	0.56800000000
297	713	272.8473108	0.308034	0.8	0.340000004	8.890000343	0.433999985	0.258949995	49	0.0105405	0.272847311	0.44516129032
298	678	229.1290286	0.515091019	0.8	0.340000004	8.890000343	0.433999985	0.258949995	49	0.03	0.229129029	0.42228739003
299	786	69.76008814	0.00643682	0.8	0.340000004	8.890000343	0.433999985	0.258949995	125	0.081538496	0.069760088	0.54639175258
300	662	272.9870516	0.621394005	0.8	0.340000004	8.890000343	0.433999985	0.258949995	49	0.03	0.272987052	0.40350877193
301	692	167.1467675	0.450741005	0.8	0.340000004	8.890000343	0.433999985	0.258949995	49	0.03	0.167146768	0.46938775510
302	725	256.1349188	0.349734001	0.8	0.340000004	8.890000343	0.433999985	0.258949995	73	0.020423701	0.256134919	0.39891891892
303	695	196.9786647	0.467855988	0.8	0.340000004	8.890000343	0.433999985	0.258949995	49	0.03	0.196978665	0.39694656489
304	666	269.8667484	0.582126007	0.8	0.340000004	8.890000343	0.433999985	0.258949995	49	0.03	0.269866748	0.45077720207
305	704	195.520446	0.474028015	0.8	0.340000004	8.890000343	0.433999985	0.258949995	49	0.00473684	0.195520446	0.45695364238
306	680	173.8957714	0.602790985	0.8	0.340000004	8.890000343	0.433999985	0.258949995	49	0.03	0.173895771	0.41743119266
307	714	292.6692951	0.369836998	0.8	0.340000004	8.890000343	0.433999985	0.258949995	49	0.00123894	0.292669295	0.42840778923
308	688	261.0955313	0.550513	0.8	0.340000004	8.890000343	0.433999985	0.258949995	49	0.03	0.261095531	0.45070422535
309	724	258.5645631	0.454202995	0.8	0.340000004	8.890000343	0.433999985	0.258949995	49	0.00826087	0.258564563	0.42119565217
310	729	149.3928463	0.401966019	0.8	0.340000004	8.890000343	0.433999985	0.258949995	49	0.00869565	0.149392846	0.40659340659
311	700	284.0790734	0.370205994	0.8	0.340000004	8.890000343	0.433999985	0.258949995	49	0.03	0.284079073	0.38071065990
312	711	252.8683046	0.490400009	0.8	0.340000004	8.890000343	0.433999985	0.258949995	49	0.03	0.252868305	0.37362637363
313	716	291.3854452	0.436861992	0.8	0.340000004	8.890000343	0.433999985	0.258949995	49	0.03	0.291385445	0.40659340659
314	720	383.3114469	0.449891014	0.8	0.340000004	8.890000343	0.433999985	0.258949995	49	0.00443548	0.383311447	0.41592039801
315	727	191.6370336	0.342879982	0.8	0.340000004	8.890000343	0.433999985	0.258949995	49	0.009	0.191637034	0.43243243243
316	730	98.96200459	0.429487991	0.8	0.340000004	8.890000343	0.433999985	0.258949995	49	0.01	0.098962005	0.40000000000
317	732	213.7222001	0.431053009	0.8	0.340000004	8.890000343	0.433999985	0.258949995	49	0.00642857	0.2137222	0.47222222222
318	735	194.1994253	0.347629013	0.8	0.340000004	8.890000343	0.433999985	0.258949995	49	0.009375	0.194199425	0.46370967742
319	726	259.2378385	0.409611015	0.8	0.340000004	8.890000343	0.433999985	0.258949995	49	0.0188525	0.259237838	0.42013129103
320	737	231.1898024	0.471738014	0.8	0.340000004	8.890000343	0.433999985	0.258949995	49	0.0115789	0.231189802	0.41216216216
321	741	279.233879	0.435424995	0.8	0.340000004	8.890000343	0.433999985	0.258949995	89	0.019372	0.279233879	0.41187384045
322	768	229.6163227	0.224468002	0.8	0.340000004	8.890000343	0.433999985	0.258949995	125	0.03	0.229616323	0.48098859316
323	740	64.52168363	0.273330002	0.8	0.340000004	8.890000343	0.433999985	0.258949995	49	0.01	0.064521684	0.50000000000
324	742	236.5841113	0.376894989	0.8	0.340000004	8.890000343	0.433999985	0.258949995	49	0.01	0.236584111	0.38983050848
325	747	198.8879483	0.482675018	0.8	0.340000004	8.890000343	0.433999985	0.258949995	49	0.0137143	0.198887948	0.51971326165
326	751	168.9015917	0.507109985	0.8	0.340000004	8.890000343	0.433999985	0.258949995	86	0.0103704	0.168901592	0.48611111111
327	756	173.195239	0.488063011	0.8	0.340000004	8.890000343	0.433999985	0.258949995	121	0.01	0.173195239	0.44029850746
328	766	29.97566954	0.265772991	0.8	0	0	0	0	0	0.03	0.02997567	0.50000000000
329	767	118.9249506	0.434037018	0.8	0.340000004	8.890000343	0.433999985	0.258949995	125	0.01	0.118924951	0.45454545455
330	772	196.6159531	0.432624016	0.8	0.340000004	8.890000343	0.433999985	0.258949995	125	0.01	0.196615953	0.38053097345
331	781	143.7645077	0.276688995	0.8	0.340000004	8.890000343	0.433999985	0.258949995	125	0.01	0.143764508	0.51048951049
332	783	194.5177433	0.281051006	0.8	0.340000004	8.890000343	0.433999985	0.258949995	125	0.01	0.194517743	0.46896551724
333	785	198.5396283	0.237702007	0.8	0.340000004	8.890000343	0.433999985	0.258949995	125	0.0121053	0.198539628	0.51428571429
334	790	257.5806378	0.216595993	0.8	0.340000004	8.890000343	0.433999985	0.258949995	125	0.023046899	0.257580638	0.50691699605
335	788	257.3653481	0.047026	0.8	0.340000004	8.890000343	0.433999985	0.258949995	125	0.047118602	0.257365348	0.52145922747
336	787	198.60911	0.032284701	0.8	0.340000004	8.890000343	0.433999985	0.258949995	125	0.0547826	0.19860911	0.42937853107
337	794	271.1065499	0.020123899	0.8	0.340000004	8.890000343	0.433999985	0.258949995	125	0.057333298	0.27110655	0.58333333333
338	793	177.3615341	0.020016	0.8	0.340000004	8.890000343	0.433999985	0.258949995	125	0.064615402	0.177361534	0.49462365591
339	792	132.5927824	0.0355476	0.8	0.340000004	8.890000343	0.433999985	0.258949995	125	0.0675	0.132592782	0.31666666667
340	796	230.4269625	0.0129594	0.8	0.340000004	8.890000343	0.433999985	0.258949995	125	0.074791698	0.230426962	0.57142857143
341	799	129.5762098	0.0143165	0.8	0.340000004	8.890000343	0.433999985	0.258949995	125	0.08	0.12957621	0.56000000000
342	800	54.99609081	0.025791299	0.8	0	0	0	0	125	0.08	0.054996091	0.93333333333
343	69	788.0202297	0.346314011	0.8	0.340000004	8.890000343	0.433999985	0.258949995	125	0.01	0.78802023	0.35398230089
344	260	1128.583018	0.205174999	0.8	0.340000004	8.890000343	0.433999985	0.258949995	125	0.128000002	1.128583018	0.32743362832
345	137	1138.663968	0.476035995	0.8	0.340000004	8.890000343	0.433999985	0.258949995	125	0.01	1.138663968	0.39473684211
346	120	1148.652252	0.421992989	0.8	0.340000004	8.890000343	0.433999985	0.258949995	125	0.01	1.148652252	0.46956521739
347	418	493.2846485	0.0153555	0.8	0.340000004	8.890000343	0.433999985	0.258949995	125	0.24	0.493284649	0.48695652174
348	310	1171.059197	0.174836006	0.8	0.340000004	8.890000343	0.433999985	0.258949995	125	0.145625	1.171059197	0.35897435897
349	140	720.0134371	0.330357018	0.8	0.340000004	8.890000343	0.433999985	0.258949995	125	0.02	0.720013437	0.32500000000
350	253	502.1107299	0.383909988	0.8	0.340000004	8.890000343	0.433999985	0.258949995	125	0.074285698	0.50211073	0.35000000000
351	73	1208.54708	0.225547009	0.8	0.340000004	8.890000343	0.433999985	0.258949995	125	0.01	1.20854708	0.37190082645
352	116	249.3954133	0.250237007	0.8	0.340000004	8.890000343	0.433999985	0.258949995	125	0.02	0.249395413	0.40495867769
353	189	867.5369431	0.392377014	0.8	0.340000004	8.890000343	0.433999985	0.258949995	125	0.04	0.867536943	0.39669421488
354	450	586.7526389	0.00866068	0.8	0.340000004	8.890000343	0.433999985	0.258949995	125	0.255625	0.586752639	0.39669421488
355	2	526.806688	0.144764996	0.8	0.340000004	8.890000343	0.433999985	0.258949995	49	0.002	0.526806688	0.73983739837
356	51	1241.061735	0.241140995	0.8	0.340000004	8.890000343	0.433999985	0.258949995	125	0.01	1.241061735	0.34677419355
357	292	634.2170266	0.208680992	0.8	0.340000004	8.890000343	0.433999985	0.258949995	125	0.08	0.634217027	0.39516129032
358	480	219.0210621	0.00963173	0.8	0.340000004	8.890000343	0.433999985	0.258949995	125	0.24	0.219021062	0.40322580645
359	538	376.8106091	0.075215001	0.8	0.340000004	8.890000343	0.433999985	0.258949995	125	0.071875	0.376810609	0.34677419355
360	34	275.6298938	0.248166008	0.8	0.340000004	8.890000343	0.433999985	0.258949995	49	0.01	0.275629894	0.44800000000
361	53	455.4984953	0.470694008	0.8	0.340000004	8.890000343	0.433999985	0.258949995	49	0.01	0.455498495	0.45238095238
362	123	357.4197566	0.385371017	0.8	0.340000004	8.890000343	0.433999985	0.258949995	49	0.03	0.357419757	0.95238095238
363	136	366.9570314	0.370505981	0.8	0.340000004	8.890000343	0.433999985	0.258949995	125	0.03	0.366957031	0.32539682540
364	416	1258.531723	0.146219997	0.8	0.340000004	8.890000343	0.433999985	0.258949995	125	0.191765003	1.258531723	0.37301587302
365	179	370.025047	0.203826008	0.8	0.340000004	8.890000343	0.433999985	0.258949995	125	0.04	0.370025047	0.32283464567
366	279	369.867	0.168595009	0.8	0.340000004	8.890000343	0.433999985	0.258949995	125	0.165293999	0.369867	0.28346456693
367	429	885.6262869	0.024574599	0.8	0.340000004	8.890000343	0.433999985	0.258949995	125	0.24	0.885626287	0.63779527559
368	84	465.8684166	0.446991997	0.8	0.340000004	8.890000343	0.433999985	0.258949995	125	0.01	0.465868417	0.33333333333
369	151	208.3819385	0.279783001	0.8	0.340000004	8.890000343	0.433999985	0.258949995	125	0.0273684	0.208381939	0.34108527132
370	474	554.9659887	0.0067072	0.8	0.340000004	8.890000343	0.433999985	0.258949995	125	0.23625	0.554965989	0.43410852713
371	43	388.541665	0.300835991	0.8	0.340000004	8.890000343	0.433999985	0.258949995	121	0.01	0.388541665	0.50000000000
372	44	434.4790603	0.281818008	0.8	0.340000004	8.890000343	0.433999985	0.258949995	111	0.01	0.43447906	0.44615384615
373	165	357.578298	0.433339005	0.8	0.340000004	8.890000343	0.433999985	0.258949995	125	0.03	0.357578298	0.35114503817
374	361	331.2300112	0.197359009	0.8	0.340000004	8.890000343	0.433999985	0.258949995	125	0.096842098	0.331230011	0.35114503817
375	133	511.8096651	0.248640003	0.8	0.340000004	8.890000343	0.433999985	0.258949995	125	0.0147059	0.511809665	0.33834586466
376	155	265.1097227	0.484203987	0.8	0.340000004	8.890000343	0.433999985	0.258949995	125	0.01	0.265109723	0.38805970149
377	344	276.2734672	0.102124004	0.8	0.340000004	8.890000343	0.433999985	0.258949995	125	0.174706001	0.276273467	0.35074626866
378	559	448.0606291	0.160083008	0.8	0.340000004	8.890000343	0.433999985	0.258949995	125	0.10125	0.448060629	0.35074626866
379	82	191.1036887	0.256198006	0.8	0.340000004	8.890000343	0.433999985	0.258949995	125	0.01	0.191103689	0.34558823529
380	251	254.2687501	0.220491009	0.8	0.340000004	8.890000343	0.433999985	0.258949995	125	0.08	0.25426875	0.29197080292
381	457	522.6525295	0.00780309	0.8	0.340000004	8.890000343	0.433999985	0.258949995	125	0.181333008	0.52265253	0.44525547445
382	40	220.7811696	0.299584999	0.8	0.340000004	8.890000343	0.433999985	0.258949995	125	0.01	0.22078117	0.42753623188
383	400	989.4537594	0.0157567	0.8	0.340000004	8.890000343	0.433999985	0.258949995	125	0.215293999	0.989453759	0.47826086957
384	263	391.4439251	0.193425007	0.8	0.340000004	8.890000343	0.433999985	0.258949995	125	0.11	0.391443925	0.38129496403
385	508	125.1876327	0.00790579	0.8	0.340000004	8.890000343	0.433999985	0.258949995	125	0.110556002	0.125187633	0.39568345324
386	567	322.6880494	0.047369299	0.8	0.340000004	8.890000343	0.433999985	0.258949995	125	0.039375	0.322688049	0.50714285714
387	159	252.8936271	0.385101013	0.8	0.340000004	8.890000343	0.433999985	0.258949995	125	0.028421099	0.252893627	0.36170212766
388	218	295.9421788	0.310699005	0.8	0.340000004	8.890000343	0.433999985	0.258949995	125	0.06	0.295942179	0.38297872340
389	134	594.147814	0.240620995	0.8	0.340000004	8.890000343	0.433999985	0.258949995	125	0.0157895	0.594147814	0.42957746479
390	331	1418.383104	0.242842007	0.8	0.340000004	8.890000343	0.433999985	0.258949995	125	0.077368398	1.418383104	0.38028169014
391	328	327.2861397	0.119582005	0.8	0.340000004	8.890000343	0.433999985	0.258949995	125	0.189500008	0.32728614	0.47183098592
392	428	308.6285599	0.0134183	0.8	0.340000004	8.890000343	0.433999985	0.258949995	125	0.217059002	0.30862856	0.49295774648
393	89	252.4935641	0.42289299	0.8	0.340000004	8.890000343	0.433999985	0.258949995	125	0.01	0.252493564	0.39860139860
394	231	253.7550672	0.321842003	0.8	0.340000004	8.890000343	0.433999985	0.258949995	125	0.037777801	0.253755067	0.35664335664
395	466	434.3717256	0.029423201	0.8	0.340000004	8.890000343	0.433999985	0.258949995	125	0.152631998	0.434371726	0.41258741259
396	148	269.2371748	0.433694	0.8	0.340000004	8.890000343	0.433999985	0.258949995	125	0.02	0.269237175	0.29166666667
397	71	258.5612683	0.369602013	0.8	0.340000004	8.890000343	0.433999985	0.258949995	49	0.00947368	0.258561268	0.88275862069
398	199	180.2909612	0.349305	0.8	0.340000004	8.890000343	0.433999985	0.258949995	125	0.016875	0.180290961	0.31724137931
399	558	404.9500348	0.0250108	0.8	0.340000004	8.890000343	0.433999985	0.258949995	125	0.044210501	0.404950035	0.95172413793
400	118	280.8016438	0.380301018	0.8	0.340000004	8.890000343	0.433999985	0.258949995	125	0.01	0.280801644	0.39726027397
401	316	192.7571596	0.135192003	0.8	0.340000004	8.890000343	0.433999985	0.258949995	125	0.177646999	0.19275716	0.34899328859
402	184	180.7262926	0.182971001	0.8	0.340000004	8.890000343	0.433999985	0.258949995	125	0.04	0.180726293	0.38666666667
403	7	355.4446855	0.233337994	0.8	0.340000004	8.890000343	0.433999985	0.258949995	98	0.03	0.355444686	0.37748344371
404	243	326.8524168	0.364165001	0.8	0.340000004	8.890000343	0.433999985	0.258949995	125	0.04	0.326852417	0.33774834437
405	280	285.2058214	0.279479008	0.8	0.340000004	8.890000343	0.433999985	0.258949995	125	0.075789499	0.285205821	0.33774834437
406	42	192.1440212	0.289577999	0.8	0.340000004	8.890000343	0.433999985	0.258949995	49	0.01	0.192144021	0.42763157895
407	212	1518.255714	0.364325981	0.8	0.340000004	8.890000343	0.433999985	0.258949995	125	0.02	1.518255714	0.41447368421
408	104	194.2879935	0.276849003	0.8	0.340000004	8.890000343	0.433999985	0.258949995	49	0.03	0.194287993	0.64285714286
409	336	169.460859	0.170337009	0.8	0.340000004	8.890000343	0.433999985	0.258949995	125	0.175	0.169460859	0.37012987013
410	365	269.2088325	0.0165069	0.8	0.340000004	8.890000343	0.433999985	0.258949995	125	0.210475998	0.269208833	0.52597402597
411	150	256.4489114	0.324995003	0.8	0.340000004	8.890000343	0.433999985	0.258949995	125	0.01	0.256448911	0.40000000000
412	564	352.9929958	0.144970999	0.8	0.340000004	8.890000343	0.433999985	0.258949995	125	0.088888903	0.352992996	0.33548387097
413	175	206.6687604	0.531823997	0.8	0.340000004	8.890000343	0.433999985	0.258949995	125	0.01	0.20666876	0.34615384615
414	183	160.5572234	0.564071007	0.8	0.340000004	8.890000343	0.433999985	0.258949995	125	0.00888889	0.160557223	0.31210191083
415	329	818.2335913	0.283967991	0.8	0.340000004	8.890000343	0.433999985	0.258949995	125	0.078571401	0.818233591	0.41772151899
416	512	230.1328223	0.0106565	0.8	0.340000004	8.890000343	0.433999985	0.258949995	125	0.101905003	0.230132822	0.34810126582
417	63	487.3314244	0.468525009	0.8	0.340000004	8.890000343	0.433999985	0.258949995	77	0.01	0.487331424	0.37735849057
418	174	463.2326985	0.489011993	0.8	0.340000004	8.890000343	0.433999985	0.258949995	125	0.01	0.463232699	0.37735849057
419	115	245.7706737	0.305358009	0.8	0.340000004	8.890000343	0.433999985	0.258949995	125	0.02	0.245770674	0.33540372671
420	201	296.4645138	0.245755005	0.8	0.340000004	8.890000343	0.433999985	0.258949995	125	0.04	0.296464514	0.37267080745
421	1	238.8612749	0.284780006	0.8	0.340000004	8.890000343	0.433999985	0.258949995	49	0.01	0.238861275	0.75460122699
422	187	233.8154135	0.525942993	0.8	0.340000004	8.890000343	0.433999985	0.258949995	125	0.01	0.233815413	0.36809815951
423	59	448.3106185	0.301201992	0.8	0.340000004	8.890000343	0.433999985	0.258949995	125	0.03	0.448310618	0.40243902439
424	561	249.3191902	0.053928599	0.8	0.340000004	8.890000343	0.433999985	0.258949995	125	0.071904802	0.24931919	0.49696969697
425	493	313.504621	0.0137052	0.8	0.340000004	8.890000343	0.433999985	0.258949995	125	0.166086998	0.313504621	0.50602409639
426	305	153.1541756	0.233311005	0.8	0.340000004	8.890000343	0.433999985	0.258949995	125	0.15	0.153154176	0.30538922156
427	76	174.4948378	0.381839981	0.8	0.340000004	8.890000343	0.433999985	0.258949995	52	0.01	0.174494838	0.36994219653
428	111	188.6993661	0.295494995	0.8	0.340000004	8.890000343	0.433999985	0.258949995	125	0.01	0.188699366	0.38150289017
429	130	489.1942308	0.360876999	0.8	0.340000004	8.890000343	0.433999985	0.258949995	49	0.03	0.489194231	0.73714285714
430	108	472.6862725	0.557036018	0.8	0.340000004	8.890000343	0.433999985	0.258949995	89	0.01	0.472686273	0.37500000000
431	222	247.2535156	0.368637009	0.8	0.340000004	8.890000343	0.433999985	0.258949995	125	0.04	0.247253516	0.37640449438
432	464	187.4554866	0.00533518	0.8	0.340000004	8.890000343	0.433999985	0.258949995	125	0.238332996	0.187455487	0.46927374302
433	83	143.075418	0.203465996	0.8	0.340000004	8.890000343	0.433999985	0.258949995	125	0.01	0.143075418	0.40555555556
434	10	778.6285781	0.232287006	0.8	0.340000004	8.890000343	0.433999985	0.258949995	82	0.03	0.778628578	0.41436464088
435	413	233.7789079	0.015321	0.8	0.340000004	8.890000343	0.433999985	0.258949995	125	0.211200008	0.233778908	0.53296703297
436	190	206.6307487	0.320783005	0.8	0.340000004	8.890000343	0.433999985	0.258949995	125	0.0154167	0.206630749	0.38251366120
437	411	171.0075768	0.0285238	0.8	0.340000004	8.890000343	0.433999985	0.258949995	125	0.173477993	0.171007577	0.45161290323
438	200	226.0783135	0.281606998	0.8	0.340000004	8.890000343	0.433999985	0.258949995	125	0.043600001	0.226078313	0.40314136126
439	483	245.5377568	0.0420292	0.8	0.340000004	8.890000343	0.433999985	0.258949995	125	0.144167004	0.245537757	0.51308900524
440	425	162.8243116	0.029356699	0.8	0.340000004	8.890000343	0.433999985	0.258949995	125	0.249130001	0.162824312	0.28497409326
441	496	349.7409431	0.00818962	0.8	0.340000004	8.890000343	0.433999985	0.258949995	125	0.115	0.349740943	0.35384615385
442	86	194.546098	0.403981018	0.8	0.340000004	8.890000343	0.433999985	0.258949995	125	0.0115385	0.194546098	0.34693877551
443	339	171.9103917	0.097631998	0.8	0.340000004	8.890000343	0.433999985	0.258949995	125	0.178076992	0.171910392	0.43877551020
444	145	291.0336202	0.368488007	0.8	0.340000004	8.890000343	0.433999985	0.258949995	125	0.020799999	0.29103362	0.38071065990
445	196	216.2495761	0.548686981	0.8	0.340000004	8.890000343	0.433999985	0.258949995	125	0.01	0.216249576	0.31979695432
446	95	140.1165943	0.221343994	0.8	0.340000004	8.890000343	0.433999985	0.258949995	49	0.03	0.140116594	0.78787878788
447	27	169.0286029	0.301982002	0.8	0.340000004	8.890000343	0.433999985	0.258949995	125	0.03	0.169028603	0.46231155779
448	211	301.8546262	0.375800018	0.8	0.340000004	8.890000343	0.433999985	0.258949995	125	0.02	0.301854626	0.38190954774
449	261	257.0040849	0.306856995	0.8	0.340000004	8.890000343	0.433999985	0.258949995	125	0.04	0.257004085	0.36000000000
450	287	165.7858678	0.187828007	0.8	0.340000004	8.890000343	0.433999985	0.258949995	125	0.147241001	0.165785868	0.33500000000
451	306	143.5763622	0.078878498	0.8	0.340000004	8.890000343	0.433999985	0.258949995	125	0.186154003	0.143576362	0.37254901961
452	470	296.4465022	0.0084524	0.8	0.340000004	8.890000343	0.433999985	0.258949995	125	0.180769005	0.296446502	0.66176470588
453	8	881.8492607	0.293304005	0.8	0.340000004	8.890000343	0.433999985	0.258949995	49	0.01	0.881849261	0.86407766990
454	273	208.5679582	0.143416996	0.8	0.340000004	8.890000343	0.433999985	0.258949995	125	0.13	0.208567958	0.33816425121
455	364	234.850748	0.081759701	0.8	0.340000004	8.890000343	0.433999985	0.258949995	125	0.24	0.234850748	0.48076923077
456	36	390.7780031	0.276832008	0.8	0.340000004	8.890000343	0.433999985	0.258949995	125	0.01	0.390778003	0.40669856459
457	149	202.7297875	0.475189018	0.8	0.340000004	8.890000343	0.433999985	0.258949995	125	0.0352	0.202729787	0.33971291866
458	376	371.2404354	0.274582996	0.8	0.340000004	8.890000343	0.433999985	0.258949995	125	0.102413998	0.371240435	0.39523809524
459	393	276.7463346	0.049317198	0.8	0.340000004	8.890000343	0.433999985	0.258949995	125	0.181851997	0.276746335	0.35849056604
460	387	151.313506	0.172189999	0.8	0.340000004	8.890000343	0.433999985	0.258949995	125	0.149630003	0.151313506	0.27102803738
461	271	221.778086	0.183647003	0.8	0.340000004	8.890000343	0.433999985	0.258949995	125	0.133845997	0.221778086	0.38248847926
462	547	209.9232534	0.0369116	0.8	0.340000004	8.890000343	0.433999985	0.258949995	125	0.0224	0.209923253	0.48387096774
463	57	195.6861378	0.173659992	0.8	0.340000004	8.890000343	0.433999985	0.258949995	125	0.01	0.195686138	0.38990825688
464	541	292.0379755	0.033215101	0.8	0.340000004	8.890000343	0.433999985	0.258949995	125	0.0133333	0.292037976	0.43181818182
465	31	339.7061547	0.328956985	0.8	0.340000004	8.890000343	0.433999985	0.258949995	49	0.01	0.339706155	0.67420814480
466	197	209.9212814	0.200900993	0.8	0.340000004	8.890000343	0.433999985	0.258949995	125	0.06	0.209921281	0.35294117647
467	401	179.3679116	0.0338767	0.8	0.340000004	8.890000343	0.433999985	0.258949995	125	0.24	0.179367912	0.52488687783
468	23	189.248562	0.293992996	0.8	0.340000004	8.890000343	0.433999985	0.258949995	117	0.00517241	0.189248562	0.34080717489
469	167	335.1788159	0.400932007	0.8	0.340000004	8.890000343	0.433999985	0.258949995	125	0.0133333	0.335178816	0.44196428571
470	229	206.5230944	0.181107006	0.8	0.340000004	8.890000343	0.433999985	0.258949995	125	0.081851902	0.206523094	0.41964285714
471	465	197.8868477	0.013895299	0.8	0.340000004	8.890000343	0.433999985	0.258949995	125	0.243570995	0.197886848	0.42857142857
472	434	152.6052734	0.0231389	0.8	0.340000004	8.890000343	0.433999985	0.258949995	125	0.175	0.152605273	0.52422907489
473	66	207.977417	0.324015999	0.8	0.340000004	8.890000343	0.433999985	0.258949995	125	0.01	0.207977417	0.36752136752
474	138	227.7376438	0.430003014	0.8	0.340000004	8.890000343	0.433999985	0.258949995	125	0.01	0.227737644	0.38655462185
475	3	263.8784691	0.150731001	0.8	0.340000004	8.890000343	0.433999985	0.258949995	49	0.00258065	0.263878469	0.61087866109
476	101	333.3456978	0.249237995	0.8	0.340000004	8.890000343	0.433999985	0.258949995	123	0.01	0.333345698	0.42083333333
477	390	288.9330591	0.174936008	0.8	0.340000004	8.890000343	0.433999985	0.258949995	125	0.16	0.288933059	0.42916666667
478	460	343.58358	0.055704398	0.8	0.340000004	8.890000343	0.433999985	0.258949995	125	0.16	0.34358358	0.41250000000
479	557	221.3392863	0.037425499	0.8	0.340000004	8.890000343	0.433999985	0.258949995	125	0.0459375	0.221339286	0.66393442623
480	221	164.7934423	0.252525997	0.8	0.340000004	8.890000343	0.433999985	0.258949995	125	0.067586198	0.164793442	0.25609756098
481	430	178.9707997	0.183885002	0.8	0.340000004	8.890000343	0.433999985	0.258949995	125	0.183635998	0.1789708	0.36842105263
482	572	279.4299198	0.0412187	0.8	0.340000004	8.890000343	0.433999985	0.258949995	125	0.069032302	0.27942992	0.52610441767
483	247	181.6185784	0.165555992	0.8	0.340000004	8.890000343	0.433999985	0.258949995	125	0.093125	0.181618578	0.30800000000
484	169	131.6608063	0.348936005	0.8	0.340000004	8.890000343	0.433999985	0.258949995	125	0.0135294	0.131660806	0.39130434783
485	283	216.7580471	0.256916008	0.8	0.340000004	8.890000343	0.433999985	0.258949995	125	0.052121201	0.216758047	0.33992094862
486	515	329.6149779	0.166385994	0.8	0.340000004	8.890000343	0.433999985	0.258949995	125	0.137272997	0.329614978	0.38735177866
487	300	239.0595657	0.237646999	0.8	0.340000004	8.890000343	0.433999985	0.258949995	125	0.080588198	0.239059566	0.33333333333
488	467	148.3715283	0.00415243	0.8	0.340000004	8.890000343	0.433999985	0.258949995	125	0.235293999	0.148371528	0.43461538462
489	226	234.5854428	0.239211006	0.8	0.340000004	8.890000343	0.433999985	0.258949995	125	0.063225799	0.234585443	0.34220532319
490	109	318.7633337	0.489095001	0.8	0.340000004	8.890000343	0.433999985	0.258949995	58	0.01	0.318763334	0.56981132076
491	511	229.6768226	0.0112467	0.8	0.340000004	8.890000343	0.433999985	0.258949995	125	0.112940998	0.229676823	0.43773584906
492	24	179.8997379	0.256441994	0.8	0.340000004	8.890000343	0.433999985	0.258949995	49	0.00852941	0.179899738	0.79775280899
493	363	109.1837457	0.041391602	0.8	0.340000004	8.890000343	0.433999985	0.258949995	125	0.207187996	0.109183746	0.47014925373
494	435	149.2942616	0.099906797	0.8	0.340000004	8.890000343	0.433999985	0.258949995	125	0.203055992	0.149294262	0.34444444444
495	497	153.7851025	0.0121672	0.8	0.340000004	8.890000343	0.433999985	0.258949995	125	0.132121	0.153785103	0.38461538462
496	345	210.4827724	0.147416	0.8	0.340000004	8.890000343	0.433999985	0.258949995	125	0.088285704	0.210482772	0.40433212996
497	28	340.5721882	0.407769012	0.8	0.340000004	8.890000343	0.433999985	0.258949995	125	0.00333333	0.340572188	0.37050359712
498	570	174.2605323	0.0991821	0.8	0.340000004	8.890000343	0.433999985	0.258949995	125	0.0789189	0.174260532	0.46808510638
499	18	155.1651242	0.248491001	0.8	0.340000004	8.890000343	0.433999985	0.258949995	49	0.00970588	0.155165124	0.64685314685
500	486	245.6874744	0.0140405	0.8	0.340000004	8.890000343	0.433999985	0.258949995	125	0.182821007	0.245687474	0.48442906574
501	234	287.9580579	0.357813988	0.8	0.340000004	8.890000343	0.433999985	0.258949995	125	0.04	0.287958058	0.39310344828
502	240	238.8495894	0.386523018	0.8	0.340000004	8.890000343	0.433999985	0.258949995	125	0.0166667	0.238849589	0.30584192440
503	424	307.1263113	0.012598799	0.8	0.340000004	8.890000343	0.433999985	0.258949995	125	0.205142994	0.307126311	0.56164383562
504	207	181.4706013	0.286947002	0.8	0.340000004	8.890000343	0.433999985	0.258949995	125	0.047179499	0.181470601	0.30716723550
505	227	391.2986803	0.260643005	0.8	0.340000004	8.890000343	0.433999985	0.258949995	125	0.053513498	0.39129868	0.31438127090
506	295	45.77881285	0.152160997	0.8	0.340000004	8.890000343	0.433999985	0.258949995	125	0.0775	0.045778813	0.33333333333
507	17	234.4776593	0.224832993	0.8	0.340000004	8.890000343	0.433999985	0.258949995	49	0.01	0.234477659	0.40199335548
508	209	176.1124534	0.213381996	0.8	0.340000004	8.890000343	0.433999985	0.258949995	125	0.068717899	0.176112453	0.37785016287
509	491	284.0189659	0.013298	0.8	0.340000004	8.890000343	0.433999985	0.258949995	125	0.177436008	0.284018966	0.48867313916
510	454	137.5930361	0.00563971	0.8	0.340000004	8.890000343	0.433999985	0.258949995	125	0.220513	0.137593036	0.43086816720
511	79	264.6939197	0.464884987	0.8	0.340000004	8.890000343	0.433999985	0.258949995	125	0.018372101	0.26469392	0.35897435897
512	372	126.1165795	0.110291996	0.8	0.340000004	8.890000343	0.433999985	0.258949995	125	0.182050991	0.126116579	0.35238095238
513	102	128.4221063	0.408568001	0.8	0.340000004	8.890000343	0.433999985	0.258949995	125	0.022162199	0.128422106	0.31230283912
514	492	619.89662	0.0151019	0.8	0.340000004	8.890000343	0.433999985	0.258949995	125	0.16	0.61989662	0.42902208202
515	487	255.5525929	0.00313174	0.8	0.340000004	8.890000343	0.433999985	0.258949995	125	0.187674007	0.255552593	0.44654088050
516	478	171.5722395	0.0431531	0.8	0.340000004	8.890000343	0.433999985	0.258949995	125	0.237045002	0.171572239	0.36532507740
517	61	227.0546579	0.236390991	0.8	0.340000004	8.890000343	0.433999985	0.258949995	125	0.01	0.227054658	0.38153846154
518	54	289.7817798	0.335245018	0.8	0.340000004	8.890000343	0.433999985	0.258949995	49	0.01	0.28978178	0.80061349693
519	356	160.8750479	0.021349101	0.8	0.340000004	8.890000343	0.433999985	0.258949995	125	0.216189995	0.160875048	0.44342507645
520	208	198.9155367	0.377872009	0.8	0.340000004	8.890000343	0.433999985	0.258949995	125	0.0197619	0.198915537	0.37272727273
521	443	236.9070813	0.112264996	0.8	0.340000004	8.890000343	0.433999985	0.258949995	125	0.179500008	0.236907081	0.38787878788
522	135	160.7631288	0.357935982	0.8	0.340000004	8.890000343	0.433999985	0.258949995	125	0.01	0.160763129	0.37313432836
523	5	301.0437344	0.212738991	0.8	0.340000004	8.890000343	0.433999985	0.258949995	49	0.00377778	0.301043734	0.73451327434
524	185	209.1871635	0.317873001	0.8	0.340000004	8.890000343	0.433999985	0.258949995	125	0.051136398	0.209187164	0.33527696793
525	25	188.5595052	0.267099991	0.8	0.340000004	8.890000343	0.433999985	0.258949995	115	0.01	0.188559505	0.36127167630
526	80	311.2752894	0.535346985	0.8	0.340000004	8.890000343	0.433999985	0.258949995	125	0.017561001	0.311275289	0.34870317003
527	235	376.2613114	0.341562996	0.8	0.340000004	8.890000343	0.433999985	0.258949995	125	0.027234001	0.376261311	0.37393767705
528	317	187.6004691	0.065971398	0.8	0.340000004	8.890000343	0.433999985	0.258949995	125	0.172092991	0.187600469	0.42655367232
529	458	193.4982169	0.054053202	0.8	0.340000004	8.890000343	0.433999985	0.258949995	125	0.159148998	0.193498217	0.39154929578
530	405	431.8571427	0.044253702	0.8	0.340000004	8.890000343	0.433999985	0.258949995	125	0.178043003	0.431857143	0.55056179775
531	41	146.8128904	0.253068008	0.8	0.340000004	8.890000343	0.433999985	0.258949995	112	0.01	0.14681289	0.39495798319
532	350	143.7980441	0.056122499	0.8	0.340000004	8.890000343	0.433999985	0.258949995	125	0.214783001	0.143798044	0.39166666667
533	225	224.7020412	0.224748993	0.8	0.340000004	8.890000343	0.433999985	0.258949995	125	0.079148898	0.224702041	0.33698630137
534	33	61.20405132	0.314067001	0.8	0.340000004	8.890000343	0.433999985	0.258949995	49	0.01	0.061204051	0.63636363636
535	427	66.05769225	0.027701299	0.8	0.340000004	8.890000343	0.433999985	0.258949995	125	0.245	0.066057692	0.72727272727
536	517	312.7530227	0.0149783	0.8	0.340000004	8.890000343	0.433999985	0.258949995	125	0.165832996	0.312753023	0.51329787234
537	248	152.5235196	0.177677994	0.8	0.340000004	8.890000343	0.433999985	0.258949995	125	0.105600004	0.15252352	0.33072916667
538	113	345.4578356	0.383000984	0.8	0.340000004	8.890000343	0.433999985	0.258949995	125	0.025625	0.345457836	0.38860103627
539	516	201.9774488	0.103177996	0.8	0.340000004	8.890000343	0.433999985	0.258949995	125	0.205713997	0.201977449	0.37209302326
540	97	194.2834426	0.331230011	0.8	0.340000004	8.890000343	0.433999985	0.258949995	125	0.0172549	0.194283443	0.35309278351
541	359	265.1855033	0.115774002	0.8	0.340000004	8.890000343	0.433999985	0.258949995	125	0.22	0.265185503	0.49100257069
542	177	224.0105865	0.500512009	0.8	0.340000004	8.890000343	0.433999985	0.258949995	125	0.00555556	0.224010586	0.39641943734
543	498	239.4707057	0.0284764	0.8	0.340000004	8.890000343	0.433999985	0.258949995	125	0.196863003	0.239470706	0.46075949367
544	556	135.1116955	0.0765803	0.8	0.340000004	8.890000343	0.433999985	0.258949995	125	0.07	0.135111696	1.00000000000
545	285	186.4118204	0.126761999	0.8	0.340000004	8.890000343	0.433999985	0.258949995	125	0.1525	0.18641182	0.32089552239
546	448	187.6991688	0.156709003	0.8	0.340000004	8.890000343	0.433999985	0.258949995	125	0.182075005	0.187699169	0.34975369458
547	19	321.7250581	0.420177002	0.8	0.340000004	8.890000343	0.433999985	0.258949995	49	0.01	0.321725058	0.65853658537
548	412	260.6168958	0.115811005	0.8	0.340000004	8.890000343	0.433999985	0.258949995	125	0.184528008	0.260616896	0.34466019418
549	526	25.04250229	0.00937878	0.8	0	0	0	0	0	0.03	0.025042502	0.50000000000
550	402	25.0334774	0.0132014	0.8	0.340000004	8.890000343	0.433999985	0.258949995	125	0.23	0.025033477	0.71428571429
551	415	173.8612934	0.0260251	0.8	0.340000004	8.890000343	0.433999985	0.258949995	125	0.248570995	0.173861293	0.44549763033
552	346	123.052625	0.090759001	0.8	0.340000004	8.890000343	0.433999985	0.258949995	125	0.122157001	0.123052625	0.34037558685
553	343	123.8319959	0.0152534	0.8	0.340000004	8.890000343	0.433999985	0.258949995	125	0.217367992	0.123831996	0.35294117647
554	124	251.7623919	0.443911018	0.8	0.340000004	8.890000343	0.433999985	0.258949995	125	0.027142899	0.251762392	0.35514018692
555	93	229.7413386	0.235862999	0.8	0.340000004	8.890000343	0.433999985	0.258949995	125	0.01	0.229741339	0.37037037037
556	462	178.9939949	0.053883901	0.8	0.340000004	8.890000343	0.433999985	0.258949995	125	0.223208008	0.178993995	0.37500000000
557	230	329.8108479	0.241308002	0.8	0.340000004	8.890000343	0.433999985	0.258949995	125	0.098928604	0.329810848	0.31494252874
558	50	179.8940712	0.610519981	0.8	0.340000004	8.890000343	0.433999985	0.258949995	49	0.01	0.179894071	0.27950310559
559	276	218.9645095	0.194101009	0.8	0.340000004	8.890000343	0.433999985	0.258949995	125	0.066666698	0.21896451	0.34624145786
560	48	302.0830103	0.201364002	0.8	0.340000004	8.890000343	0.433999985	0.258949995	124	0.01	0.30208301	0.40000000000
561	77	238.0312639	0.283889999	0.8	0.340000004	8.890000343	0.433999985	0.258949995	125	0.00910714	0.238031264	0.39909297052
562	447	113.9945664	0.0105492	0.8	0.340000004	8.890000343	0.433999985	0.258949995	125	0.156379004	0.113994566	0.46153846154
563	9	363.5538104	0.275811005	0.8	0.340000004	8.890000343	0.433999985	0.258949995	49	0.01	0.36355381	0.68848758465
564	477	207.7609315	0.011143301	0.8	0.340000004	8.890000343	0.433999985	0.258949995	125	0.142679005	0.207760932	0.45211581292
565	20	168.5475375	0.224206009	0.8	0.340000004	8.890000343	0.433999985	0.258949995	93	0.01	0.168547538	0.35357917571
566	47	279.1140655	0.263777008	0.8	0.340000004	8.890000343	0.433999985	0.258949995	114	0.01	0.279114066	0.45933014354
567	232	230.046084	0.520690994	0.8	0.340000004	8.890000343	0.433999985	0.258949995	125	0.01	0.230046084	0.41276595745
568	386	310.4592237	0.124547005	0.8	0.340000004	8.890000343	0.433999985	0.258949995	125	0.175937996	0.310459224	0.37422037422
569	156	228.3002111	0.434938011	0.8	0.340000004	8.890000343	0.433999985	0.258949995	120	0.000508475	0.228300211	0.51239669422
570	490	107.5528302	0.00696498	0.8	0.340000004	8.890000343	0.433999985	0.258949995	125	0.16	0.10755283	0.50000000000
571	45	301.454294	0.449492989	0.8	0.340000004	8.890000343	0.433999985	0.258949995	125	0.0095082	0.301454294	0.37474949900
572	14	276.3095425	0.286347008	0.8	0.340000004	8.890000343	0.433999985	0.258949995	100	0.00296875	0.276309542	0.36811023622
573	164	102.0782614	0.428165016	0.8	0.340000004	8.890000343	0.433999985	0.258949995	125	0.015	0.102078261	0.32352941177
574	92	279.3675296	0.305009003	0.8	0.340000004	8.890000343	0.433999985	0.258949995	125	0.01	0.27936753	0.34375000000
575	21	314.6621526	0.251424007	0.8	0.340000004	8.890000343	0.433999985	0.258949995	103	0.0084058	0.314662153	0.36479128857
576	52	127.7372171	0.393490982	0.8	0.340000004	8.890000343	0.433999985	0.258949995	125	0.01	0.127737217	0.30952380952
577	16	299.9893665	0.562448006	0.8	0.340000004	8.890000343	0.433999985	0.258949995	49	0.01	0.299989366	0.60353982301
578	206	168.3636005	0.209955006	0.8	0.340000004	8.890000343	0.433999985	0.258949995	125	0.085633802	0.1683636	0.33156966490
579	265	108.2156188	0.159468002	0.8	0.340000004	8.890000343	0.433999985	0.258949995	125	0.1175	0.108215619	0.37837837838
580	106	266.0629827	0.341699982	0.8	0.340000004	8.890000343	0.433999985	0.258949995	73	0.0078481	0.266062983	0.66611295681
581	488	277.5499091	0.0142484	0.8	0.340000004	8.890000343	0.433999985	0.258949995	125	0.120921001	0.277549909	0.46568627451
582	94	288.1401734	0.427061996	0.8	0.340000004	8.890000343	0.433999985	0.258949995	125	0.02	0.288140173	0.34471544715
583	117	136.8829286	0.416969986	0.8	0.340000004	8.890000343	0.433999985	0.258949995	120	0.01	0.136882929	0.50480769231
584	210	154.3250693	0.418256989	0.8	0.340000004	8.890000343	0.433999985	0.258949995	125	0.02	0.154325069	0.30769230769
585	22	268.3519722	0.414403	0.8	0.340000004	8.890000343	0.433999985	0.258949995	49	0.01	0.268351972	0.51845906902
586	333	269.5010409	0.293924999	0.8	0.340000004	8.890000343	0.433999985	0.258949995	125	0.086585398	0.269501041	0.34862385321
587	55	54.65998002	0.242863998	0.8	0.340000004	8.890000343	0.433999985	0.258949995	125	0.01	0.05465998	0.40000000000
588	530	183.4354951	0.168850002	0.8	0.340000004	8.890000343	0.433999985	0.258949995	125	0.089787197	0.183435495	0.35410764873
589	441	148.1942796	0.0110408	0.8	0.340000004	8.890000343	0.433999985	0.258949995	125	0.197600002	0.14819428	0.46919431280
590	568	115.9661198	0.061825199	0.8	0.340000004	8.890000343	0.433999985	0.258949995	125	0.07	0.11596612	0.36290322581
591	475	171.8177833	0.00121546	0.8	0.340000004	8.890000343	0.433999985	0.258949995	125	0.228222008	0.171817783	0.55932203390
592	297	187.9708761	0.161196003	0.8	0.340000004	8.890000343	0.433999985	0.258949995	125	0.183999996	0.187970876	0.35682158921
593	241	121.4437628	0.239482002	0.8	0.340000004	8.890000343	0.433999985	0.258949995	125	0.08	0.121443763	0.31395348837
594	326	313.4483709	0.285921001	0.8	0.340000004	8.890000343	0.433999985	0.258949995	125	0.084941196	0.313448371	0.38053097345
595	471	115.3420861	0.0194664	0.8	0.340000004	8.890000343	0.433999985	0.258949995	125	0.120832996	0.115342086	0.41806020067
596	39	201.5552454	0.264391994	0.8	0.340000004	8.890000343	0.433999985	0.258949995	125	0.00988372	0.201555245	0.39504373178
597	451	108.2154218	0.00339735	0.8	0.340000004	8.890000343	0.433999985	0.258949995	125	0.26	0.108215422	0.39310344828
598	180	216.5876165	0.241599007	0.8	0.340000004	8.890000343	0.433999985	0.258949995	125	0.059431801	0.216587617	0.32028985507
599	122	358.627351	0.351194	0.8	0.340000004	8.890000343	0.433999985	0.258949995	49	0.03	0.358627351	0.75939849624
600	342	250.3740386	0.054359398	0.8	0.340000004	8.890000343	0.433999985	0.258949995	125	0.213444004	0.250374039	0.48179271709
601	35	98.57612416	0.263320999	0.8	0.340000004	8.890000343	0.433999985	0.258949995	49	0.01	0.098576124	0.46428571429
602	242	216.886399	0.381567001	0.8	0.340000004	8.890000343	0.433999985	0.258949995	125	0.04	0.216886399	0.31896551724
603	264	181.760428	0.165160007	0.8	0.340000004	8.890000343	0.433999985	0.258949995	125	0.14	0.181760428	0.35416666667
604	98	81.76034699	0.483633995	0.8	0.340000004	8.890000343	0.433999985	0.258949995	125	0.02	0.081760347	0.23170731707
605	461	119.9451642	0.058092999	0.8	0.340000004	8.890000343	0.433999985	0.258949995	125	0.16	0.119945164	0.47023809524
606	132	234.6236552	0.380758018	0.8	0.340000004	8.890000343	0.433999985	0.258949995	125	0.0267347	0.234623655	0.32262382865
607	166	207.4698813	0.328883018	0.8	0.340000004	8.890000343	0.433999985	0.258949995	125	0.033599999	0.207469881	0.32812500000
608	495	56.43972223	0.00600924	0.8	0.340000004	8.890000343	0.433999985	0.258949995	125	0.09	0.056439722	0.62500000000
609	170	212.7790977	0.519616013	0.8	0.340000004	8.890000343	0.433999985	0.258949995	125	0.01	0.212779098	0.33681462141
610	214	21.50871664	0.464476013	0.8	0	0	0	0	0	0.03	0.021508717	0.50000000000
611	139	201.1760969	0.178959999	0.8	0.340000004	8.890000343	0.433999985	0.258949995	125	0.0290625	0.201176097	0.41916167665
612	29	222.2832044	0.223934002	0.8	0.340000004	8.890000343	0.433999985	0.258949995	66	0.01	0.222283204	0.38451935081
613	499	150.52554	0.010403301	0.8	0.340000004	8.890000343	0.433999985	0.258949995	125	0.191537991	0.15052554	0.42241379310
614	81	450.7737011	0.475223999	0.8	0.340000004	8.890000343	0.433999985	0.258949995	54	0.00588235	0.450773701	0.73507462687
615	37	156.6341465	0.414505997	0.8	0.340000004	8.890000343	0.433999985	0.258949995	125	0.00697674	0.156634146	0.34939759036
616	563	91.66569462	0.093609505	0.8	0.340000004	8.890000343	0.433999985	0.258949995	125	0.07	0.091665695	0.28571428571
617	205	239.2912526	0.202772999	0.8	0.340000004	8.890000343	0.433999985	0.258949995	125	0.106605997	0.239291253	0.33333333333
618	68	214.4985637	0.403935013	0.8	0.340000004	8.890000343	0.433999985	0.258949995	89	0.0082243	0.214498564	0.50299401198
619	121	10.75402418	0.266490994	0.8	0	0	0	0	0	0.03	0.010754024	1.00000000000
620	414	170.7351579	0.143389997	0.8	0.340000004	8.890000343	0.433999985	0.258949995	125	0.2	0.170735158	0.42372881356
621	72	221.1329047	0.446805992	0.8	0.340000004	8.890000343	0.433999985	0.258949995	125	0.01	0.221132905	0.30737704918
622	436	256.081262	0.075653501	0.8	0.340000004	8.890000343	0.433999985	0.258949995	125	0.219813004	0.256081262	0.37616822430
623	534	37.49275028	0.00816401	0.8	0.340000004	8.890000343	0.433999985	0.258949995	125	0.09	0.03749275	0.60000000000
624	128	144.5100705	0.393642998	0.8	0.340000004	8.890000343	0.433999985	0.258949995	125	0.0187879	0.14451007	0.29699248120
625	485	110.7925917	0.00626608	0.8	0.340000004	8.890000343	0.433999985	0.258949995	125	0.207691994	0.110792592	0.50434782609
626	46	315.5585694	0.317271996	0.8	0.340000004	8.890000343	0.433999985	0.258949995	125	0.00333333	0.315558569	0.39634146342
627	11	243.7539238	0.260153008	0.8	0.340000004	8.890000343	0.433999985	0.258949995	49	0.01	0.243753924	0.70344827586
628	198	159.7943942	0.041062899	0.8	0.340000004	8.890000343	0.433999985	0.258949995	125	0.06	0.159794394	0.46875000000
629	303	194.026372	0.152110996	0.8	0.340000004	8.890000343	0.433999985	0.258949995	125	0.155279999	0.194026372	0.35553278689
630	266	181.319348	0.127987003	0.8	0.340000004	8.890000343	0.433999985	0.258949995	125	0.140789003	0.181319348	0.35008375209
631	554	100.6353063	0.070637002	0.8	0.340000004	8.890000343	0.433999985	0.258949995	125	0.07	0.100635306	0.34693877551
632	6	275.2330652	0.242339993	0.8	0.340000004	8.890000343	0.433999985	0.258949995	49	0.00988889	0.275233065	0.60145985402
633	385	136.7274984	0.060921402	0.8	0.340000004	8.890000343	0.433999985	0.258949995	125	0.245	0.136727498	0.37430167598
634	481	300.2702274	0.00197453	0.8	0.340000004	8.890000343	0.433999985	0.258949995	125	0.253332996	0.300270227	0.65000000000
635	291	72.03969286	0.071093998	0.8	0.340000004	8.890000343	0.433999985	0.258949995	125	0.187999992	0.072039693	0.34782608696
636	112	173.1827532	0.555703011	0.8	0.340000004	8.890000343	0.433999985	0.258949995	125	0.01	0.173182753	0.51111111111
637	284	164.4470955	0.131216002	0.8	0.340000004	8.890000343	0.433999985	0.258949995	125	0.188125	0.164447095	0.33628318584
638	367	179.1199899	0.202320995	0.8	0.340000004	8.890000343	0.433999985	0.258949995	125	0.16	0.17911999	0.31355932203
639	171	215.5041742	0.256385994	0.8	0.340000004	8.890000343	0.433999985	0.258949995	125	0.076056299	0.215504174	0.34968777877
640	75	226.8388	0.35138401	0.8	0.340000004	8.890000343	0.433999985	0.258949995	125	0.012173899	0.2268388	0.35752212389
641	143	301.6604365	0.341459999	0.8	0.340000004	8.890000343	0.433999985	0.258949995	125	0.034375	0.301660437	0.36217948718
642	49	95.75389277	0.496272011	0.8	0.340000004	8.890000343	0.433999985	0.258949995	49	0.01	0.095753893	0.47619047619
643	67	255.2591509	0.479194984	0.8	0.340000004	8.890000343	0.433999985	0.258949995	83	0.01	0.255259151	0.50147928994
644	13	218.4809343	0.432583008	0.8	0.340000004	8.890000343	0.433999985	0.258949995	125	0.00561905	0.218480934	0.35491606715
645	146	191.8693508	0.33160099	0.8	0.340000004	8.890000343	0.433999985	0.258949995	125	0.0363043	0.191869351	0.34594594595
646	30	129.3907021	0.366893997	0.8	0.340000004	8.890000343	0.433999985	0.258949995	52	0.01	0.129390702	0.49308755760
647	501	149.6796517	0.052930598	0.8	0.340000004	8.890000343	0.433999985	0.258949995	125	0.251723995	0.149679652	0.32214765101
648	217	232.2946992	0.410839996	0.8	0.340000004	8.890000343	0.433999985	0.258949995	125	0.023076899	0.232294699	0.31481481482
649	257	107.765214	0.216709995	0.8	0.340000004	8.890000343	0.433999985	0.258949995	125	0.094545498	0.107765214	0.29078014184
650	60	85.66652478	0.297833004	0.8	0.340000004	8.890000343	0.433999985	0.258949995	125	0.01	0.085666525	0.30081300813
651	320	48.04131259	0.015848	0.8	0.340000004	8.890000343	0.433999985	0.258949995	125	0.21	0.048041313	0.37500000000
652	192	120.3766736	0.298034992	0.8	0.340000004	8.890000343	0.433999985	0.258949995	125	0.04	0.120376674	0.34375000000
653	202	174.0441947	0.117005997	0.8	0.340000004	8.890000343	0.433999985	0.258949995	125	0.06	0.174044195	0.42953020134
654	32	224.6819576	0.541920013	0.8	0.340000004	8.890000343	0.433999985	0.258949995	125	0.0144595	0.224681958	0.34933774834
655	382	256.6695211	0.140738001	0.8	0.340000004	8.890000343	0.433999985	0.258949995	125	0.152241001	0.256669521	0.34632034632
656	351	88.17223286	0.038781099	0.8	0.340000004	8.890000343	0.433999985	0.258949995	125	0.211000004	0.088172233	0.42622950820
657	58	144.2953856	0.312824993	0.8	0.340000004	8.890000343	0.433999985	0.258949995	123	0.01	0.144295386	0.34246575343
658	126	235.8829634	0.467678986	0.8	0.340000004	8.890000343	0.433999985	0.258949995	90	0.001875	0.235882963	0.48476454294
659	100	254.0504627	0.416834984	0.8	0.340000004	8.890000343	0.433999985	0.258949995	125	0.02	0.254050463	0.31803278689
660	223	177.456201	0.345612984	0.8	0.340000004	8.890000343	0.433999985	0.258949995	125	0.03875	0.177456201	0.26666666667
661	85	260.8335145	0.41959301	0.8	0.340000004	8.890000343	0.433999985	0.258949995	124	0.016345201	0.260833514	0.36469072165
662	26	374.7604094	0.286623993	0.8	0.340000004	8.890000343	0.433999985	0.258949995	49	0.01	0.374760409	0.40000000000
663	56	164.7719896	0.360850983	0.8	0.340000004	8.890000343	0.433999985	0.258949995	125	0.00461538	0.16477199	0.28037383178
664	507	82.6287763	0.178862	0.8	0.340000004	8.890000343	0.433999985	0.258949995	125	0.16	0.082628776	0.46666666667
665	421	257.6322085	0.189696999	0.8	0.340000004	8.890000343	0.433999985	0.258949995	125	0.183999996	0.257632208	0.38048090523
666	239	74.91351685	0.274685993	0.8	0.340000004	8.890000343	0.433999985	0.258949995	125	0.04	0.074913517	0.26666666667
667	4	188.2069789	0.326966019	0.8	0.340000004	8.890000343	0.433999985	0.258949995	49	0.01	0.188206979	0.64671814672
668	399	75.12687932	0.0106103	0.8	0.340000004	8.890000343	0.433999985	0.258949995	125	0.24	0.075126879	0.33333333333
669	288	114.276181	0.103360996	0.8	0.340000004	8.890000343	0.433999985	0.258949995	125	0.19	0.114276181	0.37142857143
670	406	224.5817557	0.0918501	0.8	0.340000004	8.890000343	0.433999985	0.258949995	125	0.200370007	0.224581756	0.35507246377
671	127	208.565746	0.378865013	0.8	0.340000004	8.890000343	0.433999985	0.258949995	125	0.022068999	0.208565746	0.29870129870
672	129	275.9522722	0.558177986	0.8	0.340000004	8.890000343	0.433999985	0.258949995	125	0.01	0.275952272	0.44508670520
673	87	196.7623882	0.272975006	0.8	0.340000004	8.890000343	0.433999985	0.258949995	125	0.0174336	0.196762388	0.36404494382
674	96	289.4088081	0.436175003	0.8	0.340000004	8.890000343	0.433999985	0.258949995	125	0.0179221	0.289408808	0.34665579119
675	88	164.1008564	0.359486008	0.8	0.340000004	8.890000343	0.433999985	0.258949995	125	0.016	0.164100856	0.27567567568
676	160	29.96703593	0.443833008	0.8	0	0	0	0	0	0.03	0.029967036	0.50000000000
677	114	177.4347203	0.429300003	0.8	0.340000004	8.890000343	0.433999985	0.258949995	125	0.01	0.17743472	0.53389830509
678	482	201.1803874	0.0127839	0.8	0.340000004	8.890000343	0.433999985	0.258949995	125	0.244416008	0.201180387	0.49669966997
679	403	51.30108671	0.0104366	0.8	0.340000004	8.890000343	0.433999985	0.258949995	125	0.231429005	0.051301087	0.55813953488
680	422	194.8882177	0.074072299	0.8	0.340000004	8.890000343	0.433999985	0.258949995	125	0.214750004	0.194888218	0.39841269841
681	147	316.6474075	0.541467018	0.8	0.340000004	8.890000343	0.433999985	0.258949995	125	0.01	0.316647407	0.42268041237
682	62	24.63988019	0.253369007	0.8	0.340000004	8.890000343	0.433999985	0.258949995	125	0.01	0.02463988	0.75000000000
683	473	292.4101514	0.051022	0.8	0.340000004	8.890000343	0.433999985	0.258949995	125	0.159474001	0.292410151	0.41692789969
684	161	186.4470146	0.500381012	0.8	0.340000004	8.890000343	0.433999985	0.258949995	125	0.01	0.186447015	0.45652173913
685	74	89.77000107	0.447090988	0.8	0.340000004	8.890000343	0.433999985	0.258949995	125	0.016	0.089770001	0.27027027027
686	65	258.8649989	0.473205986	0.8	0.340000004	8.890000343	0.433999985	0.258949995	125	0.0188679	0.258864999	0.32107843137
687	64	328.8126523	0.427112007	0.8	0.340000004	8.890000343	0.433999985	0.258949995	125	0.01	0.328812652	0.45714285714
688	445	280.2856044	0.055711298	0.8	0.340000004	8.890000343	0.433999985	0.258949995	125	0.209500008	0.280285604	0.39708939709
689	162	286.424815	0.545500984	0.8	0.340000004	8.890000343	0.433999985	0.258949995	125	0.01	0.286424815	0.49180327869
690	203	213.1127562	0.182728004	0.8	0.340000004	8.890000343	0.433999985	0.258949995	125	0.106090002	0.213112756	0.36438582028
691	194	162.4318066	0.393634987	0.8	0.340000004	8.890000343	0.433999985	0.258949995	125	0.05	0.162431807	0.29677419355
692	246	321.8653339	0.307558002	0.8	0.340000004	8.890000343	0.433999985	0.258949995	125	0.041538501	0.321865334	0.33890214797
693	12	276.5537606	0.325847015	0.8	0.340000004	8.890000343	0.433999985	0.258949995	49	0.00571429	0.276553761	0.49346016647
694	301	127.8473352	0.187271004	0.8	0.340000004	8.890000343	0.433999985	0.258949995	125	0.19	0.127847335	0.32911392405
695	38	309.1153067	0.323708	0.8	0.340000004	8.890000343	0.433999985	0.258949995	56	0.01	0.309115307	0.43884892086
696	176	222.7556097	0.578987999	0.8	0.340000004	8.890000343	0.433999985	0.258949995	125	0.01	0.22275561	0.44186046512
697	274	252.1104701	0.279577999	0.8	0.340000004	8.890000343	0.433999985	0.258949995	125	0.065	0.25211047	0.32340425532
698	182	147.5779733	0.635028	0.8	0.340000004	8.890000343	0.433999985	0.258949995	125	0.01	0.147577973	0.50980392157
699	484	205.5339423	0.0151917	0.8	0.340000004	8.890000343	0.433999985	0.258949995	125	0.136552	0.205533942	0.38709677419
700	91	190.6865279	0.322072983	0.8	0.340000004	8.890000343	0.433999985	0.258949995	125	0.01	0.190686528	0.40397350993
701	468	183.8547892	0.070899701	0.8	0.340000004	8.890000343	0.433999985	0.258949995	125	0.168332996	0.183854789	0.43209876543
702	476	199.5721402	0.046847801	0.8	0.340000004	8.890000343	0.433999985	0.258949995	125	0.222105007	0.19957214	0.33920704846
703	173	284.6233485	0.486374016	0.8	0.340000004	8.890000343	0.433999985	0.258949995	125	0.015092601	0.284623349	0.46082949309
704	107	174.5677221	0.412598991	0.8	0.340000004	8.890000343	0.433999985	0.258949995	125	0.026226399	0.174567722	0.25355450237
705	188	240.1758908	0.540052986	0.8	0.340000004	8.890000343	0.433999985	0.258949995	125	0.01	0.240175891	0.37313432836
706	119	345.3696656	0.375752983	0.8	0.340000004	8.890000343	0.433999985	0.258949995	125	0.022439001	0.345369666	0.32930513595
707	78	220.5935405	0.436809006	0.8	0.340000004	8.890000343	0.433999985	0.258949995	125	0.0165854	0.22059354	0.30674846626
708	315	193.0783962	0.069080701	0.8	0.340000004	8.890000343	0.433999985	0.258949995	125	0.216938992	0.193078396	0.37765957447
709	489	142.4564076	0.00844918	0.8	0.340000004	8.890000343	0.433999985	0.258949995	125	0.113332996	0.142456408	0.44444444444
710	142	126.3859752	0.414845009	0.8	0.340000004	8.890000343	0.433999985	0.258949995	125	0.02	0.126385975	0.20289855073
711	105	157.9262516	0.374589005	0.8	0.340000004	8.890000343	0.433999985	0.258949995	125	0.01	0.157926252	0.49019607843
712	153	43.01907633	0.246912003	0.8	0	0	0	0	0	0.03	0.043019076	0.50000000000
713	195	254.3037317	0.592240982	0.8	0.340000004	8.890000343	0.433999985	0.258949995	125	0.01	0.254303732	0.39247311828
714	103	287.2267671	0.277889004	0.8	0.340000004	8.890000343	0.433999985	0.258949995	125	0.019333301	0.287226767	0.28571428571
715	296	256.6676407	0.193694	0.8	0.340000004	8.890000343	0.433999985	0.258949995	125	0.0815942	0.256667641	0.38374291115
716	494	134.2722474	0.00264959	0.8	0.340000004	8.890000343	0.433999985	0.258949995	125	0.115556002	0.134272247	0.42758620690
717	158	194.7705625	0.310480995	0.8	0.340000004	8.890000343	0.433999985	0.258949995	125	0.037058799	0.194770562	0.36428571429
718	110	197.8348802	0.267215996	0.8	0.340000004	8.890000343	0.433999985	0.258949995	125	0.0211765	0.19783488	0.29562043796
719	236	169.5354839	0.455788002	0.8	0.340000004	8.890000343	0.433999985	0.258949995	125	0.0295	0.169535484	0.42207792208
720	360	284.742096	0.020873101	0.8	0.340000004	8.890000343	0.433999985	0.258949995	125	0.232532997	0.284742096	0.38926174497
721	204	280.7935559	0.531875	0.8	0.340000004	8.890000343	0.433999985	0.258949995	125	0.01	0.280793556	0.42019543974
722	15	292.1659409	0.322291985	0.8	0.340000004	8.890000343	0.433999985	0.258949995	56	0.01	0.292165941	0.64031862745
723	330	247.9838496	0.164008999	0.8	0.340000004	8.890000343	0.433999985	0.258949995	125	0.12	0.24798385	0.32857142857
724	144	138.6130074	0.202842999	0.8	0.340000004	8.890000343	0.433999985	0.258949995	125	0.04	0.138613007	0.32051282051
725	262	230.4824199	0.343394012	0.8	0.340000004	8.890000343	0.433999985	0.258949995	125	0.038222201	0.23048242	0.42934782609
726	506	195.9814743	0.128319998	0.8	0.340000004	8.890000343	0.433999985	0.258949995	125	0.161175995	0.195981474	0.39849624060
727	157	305.1037653	0.222383003	0.8	0.340000004	8.890000343	0.433999985	0.258949995	125	0.04	0.305103765	0.35294117647
728	152	152.4049738	0.464752998	0.8	0.340000004	8.890000343	0.433999985	0.258949995	125	0.0378947	0.152404974	0.26241134752
729	178	226.7356878	0.167805004	0.8	0.340000004	8.890000343	0.433999985	0.258949995	125	0.04	0.226735688	0.39037433155
730	513	201.0392247	0.103310003	0.8	0.340000004	8.890000343	0.433999985	0.258949995	125	0.128462	0.201039225	0.37581699346
731	272	183.9921007	0.369502983	0.8	0.340000004	8.890000343	0.433999985	0.258949995	125	0.028247399	0.183992101	0.45300261097
732	191	215.9080802	0.254447002	0.8	0.340000004	8.890000343	0.433999985	0.258949995	125	0.05	0.21590808	0.37004405286
733	154	303.5231288	0.442112999	0.8	0.340000004	8.890000343	0.433999985	0.258949995	125	0.039272699	0.303523129	0.34112149533
734	131	350.359761	0.357341003	0.8	0.340000004	8.890000343	0.433999985	0.258949995	125	0.01	0.350359761	0.45550847458
735	172	168.3162968	0.338483009	0.8	0.340000004	8.890000343	0.433999985	0.258949995	125	0.04	0.168316297	0.36363636364
736	213	277.2839114	0.205417995	0.8	0.340000004	8.890000343	0.433999985	0.258949995	125	0.096153898	0.277283911	0.43949044586
737	409	153.5593235	0.00770491	0.8	0.340000004	8.890000343	0.433999985	0.258949995	125	0.24	0.153559324	0.56097560976
738	163	264.5480289	0.488148003	0.8	0.340000004	8.890000343	0.433999985	0.258949995	125	0.0175676	0.264548029	0.42805755396
739	420	176.3992368	0.0093155	0.8	0.340000004	8.890000343	0.433999985	0.258949995	125	0.231175995	0.176399237	0.44094488189
740	193	136.1470391	0.096955605	0.8	0.340000004	8.890000343	0.433999985	0.258949995	125	0.073684201	0.136147039	0.29411764706
741	70	265.5714102	0.456099014	0.8	0.340000004	8.890000343	0.433999985	0.258949995	125	0.01	0.26557141	0.46332046332
742	186	263.1440133	0.318334007	0.8	0.340000004	8.890000343	0.433999985	0.258949995	125	0.075510201	0.263144013	0.41854636592
743	238	273.2009996	0.162719002	0.8	0.340000004	8.890000343	0.433999985	0.258949995	125	0.126667004	0.273201	0.41296296296
744	90	185.4504672	0.517895012	0.8	0.340000004	8.890000343	0.433999985	0.258949995	125	0.01	0.185450467	0.44047619048
745	215	142.4608029	0.045032101	0.8	0.340000004	8.890000343	0.433999985	0.258949995	125	0.08	0.142460803	0.29090909091
746	181	245.8658206	0.492457008	0.8	0.340000004	8.890000343	0.433999985	0.258949995	125	0.025319099	0.245865821	0.42000000000
747	294	227.9014478	0.183962994	0.8	0.340000004	8.890000343	0.433999985	0.258949995	125	0.17	0.227901448	0.32432432432
748	298	169.3235993	0.182903004	0.8	0.340000004	8.890000343	0.433999985	0.258949995	125	0.17	0.169323599	0.40909090909
749	219	267.6493964	0.185821991	0.8	0.340000004	8.890000343	0.433999985	0.258949995	125	0.149555998	0.267649396	0.43985307622
750	220	267.8158172	0.177276993	0.8	0.340000004	8.890000343	0.433999985	0.258949995	125	0.0648276	0.267815817	0.41203703704
751	99	243.5023547	0.583386002	0.8	0.340000004	8.890000343	0.433999985	0.258949995	125	0.01	0.243502355	0.48235294118
752	224	75.12708958	0.384850998	0.8	0.340000004	8.890000343	0.433999985	0.258949995	125	0.04	0.07512709	0.33333333333
753	311	260.5089644	0.0741818	0.8	0.340000004	8.890000343	0.433999985	0.258949995	125	0.221618004	0.260508964	0.45462878094
754	125	317.4340653	0.484248009	0.8	0.340000004	8.890000343	0.433999985	0.258949995	125	0.0124	0.317434065	0.47368421053
755	237	228.9384158	0.155826998	0.8	0.340000004	8.890000343	0.433999985	0.258949995	125	0.098461504	0.228938416	0.48514851485
756	514	260.6740983	0.137374001	0.8	0.340000004	8.890000343	0.433999985	0.258949995	125	0.115	0.260674098	0.53470031546
757	141	194.0773162	0.691762009	0.8	0.340000004	8.890000343	0.433999985	0.258949995	125	0.0193103	0.194077316	0.42396313364
758	228	295.5793994	0.363608017	0.8	0.340000004	8.890000343	0.433999985	0.258949995	125	0.04	0.295579399	0.42196531792
759	321	181.0404171	0.0220381	0.8	0.340000004	8.890000343	0.433999985	0.258949995	125	0.210249996	0.181040417	0.37037037037
760	268	146.2208127	0.0574581	0.8	0.340000004	8.890000343	0.433999985	0.258949995	125	0.13	0.146220813	0.34328358209
761	408	270.14876	0.043011999	0.8	0.340000004	8.890000343	0.433999985	0.258949995	125	0.245184994	0.27014876	0.47290640394
762	371	265.9187137	0.019611501	0.8	0.340000004	8.890000343	0.433999985	0.258949995	125	0.238234997	0.265918714	0.45070422535
763	275	67.4131529	0.045398998	0.8	0.340000004	8.890000343	0.433999985	0.258949995	125	0.13	0.067413153	0.55555555556
764	258	256.1157938	0.316494999	0.8	0.340000004	8.890000343	0.433999985	0.258949995	125	0.072456102	0.256115794	0.43333333333
765	384	212.3997619	0.0153941	0.8	0.340000004	8.890000343	0.433999985	0.258949995	125	0.239500008	0.212399762	0.34920634921
766	289	215.60676	0.241837997	0.8	0.340000004	8.890000343	0.433999985	0.258949995	125	0.066607099	0.21560676	0.47935779817
767	278	362.2616058	0.165056	0.8	0.340000004	8.890000343	0.433999985	0.258949995	125	0.126332998	0.362261606	0.44580777096
768	299	196.2516127	0.209115009	0.8	0.340000004	8.890000343	0.433999985	0.258949995	125	0.107222004	0.196251613	0.44244604317
769	426	218.7673245	0.00645355	0.8	0.340000004	8.890000343	0.433999985	0.258949995	125	0.25	0.218767324	0.47800000000
770	168	283.0864663	0.484888	0.8	0.340000004	8.890000343	0.433999985	0.258949995	125	0.0323595	0.283086466	0.40437956204
771	419	207.4745264	0.00970354	0.8	0.340000004	8.890000343	0.433999985	0.258949995	125	0.216923008	0.207474526	0.41363636364
772	309	250.0440242	0.134139004	0.8	0.340000004	8.890000343	0.433999985	0.258949995	125	0.200443993	0.250044024	0.37752161383
773	453	523.9572882	0.0147403	0.8	0.340000004	8.890000343	0.433999985	0.258949995	125	0.250587997	0.523957288	0.47410358566
774	307	227.1356428	0.180643005	0.8	0.340000004	8.890000343	0.433999985	0.258949995	125	0.089714298	0.227135643	0.51567944251
775	354	104.8640241	0.0693576	0.8	0.340000004	8.890000343	0.433999985	0.258949995	125	0.2	0.104864024	0.71428571429
776	355	278.4430316	0.0393455	0.8	0.340000004	8.890000343	0.433999985	0.258949995	125	0.218279991	0.278443032	0.40554821665
777	397	263.0659388	0.034679501	0.8	0.340000004	8.890000343	0.433999985	0.258949995	125	0.254286003	0.263065939	0.36466165414
778	523	142.531609	0.038272099	0.8	0.340000004	8.890000343	0.433999985	0.258949995	125	0.12	0.142531609	0.50000000000
779	347	229.7852531	0.105453997	0.8	0.340000004	8.890000343	0.433999985	0.258949995	125	0.163027992	0.229785253	0.51667407737
780	529	147.1186868	0.052583098	0.8	0.340000004	8.890000343	0.433999985	0.258949995	125	0.111429005	0.147118687	0.42857142857
781	216	302.95821	0.35762001	0.8	0.340000004	8.890000343	0.433999985	0.258949995	125	0.051923099	0.30295821	0.43990384615
782	407	258.9454703	0.017374001	0.8	0.340000004	8.890000343	0.433999985	0.258949995	125	0.251408005	0.25894547	0.35740072202
783	528	145.1173915	0.0704251	0.8	0.340000004	8.890000343	0.433999985	0.258949995	125	0.1	0.145117392	0.41379310345
784	527	292.1282974	0.030577199	0.8	0.340000004	8.890000343	0.433999985	0.258949995	125	0.096538496	0.292128297	0.55714285714
785	252	306.0997126	0.213665009	0.8	0.340000004	8.890000343	0.433999985	0.258949995	125	0.108281002	0.306099713	0.43892750745
786	452	161.9699692	0.00297648	0.8	0.340000004	8.890000343	0.433999985	0.258949995	125	0.259167004	0.161969969	0.43434343434
787	537	333.6617101	0.0220667	0.8	0.340000004	8.890000343	0.433999985	0.258949995	125	0.087368402	0.33366171	0.52347417840
788	340	172.1614738	0.199347992	0.8	0.340000004	8.890000343	0.433999985	0.258949995	125	0.145	0.172161474	0.45631067961
789	325	216.9832002	0.069788499	0.8	0.340000004	8.890000343	0.433999985	0.258949995	125	0.152856998	0.2169832	0.58222222222
790	552	181.6526876	0.054085002	0.8	0.340000004	8.890000343	0.433999985	0.258949995	125	0.074545498	0.181652688	0.46583850932
791	353	264.8942455	0.121148996	0.8	0.340000004	8.890000343	0.433999985	0.258949995	125	0.166236992	0.264894246	0.49313186813
792	549	105.0870348	0.029123299	0.8	0	0	0	0	0	0.03	0.105087035	0.71428571429
793	392	206.070112	0.0572997	0.8	0.340000004	8.890000343	0.433999985	0.258949995	125	0.174153996	0.206070112	0.54257425743
794	548	179.4806869	0.022658401	0.8	0.340000004	8.890000343	0.433999985	0.258949995	125	0.07	0.179480687	0.43243243243
795	440	277.1783038	0.00733361	0.8	0.340000004	8.890000343	0.433999985	0.258949995	125	0.195788994	0.277178304	0.36296296296
796	551	303.4204973	0.038784101	0.8	0.340000004	8.890000343	0.433999985	0.258949995	125	0.071935501	0.303420497	0.66666666667
797	536	135.6626072	0.027853401	0.8	0.340000004	8.890000343	0.433999985	0.258949995	125	0.08	0.135662607	0.59649122807
798	446	587.2678896	0.00990768	0.8	0.340000004	8.890000343	0.433999985	0.258949995	125	0.194400005	0.58726789	0.48469387755
799	456	182.0557666	0.00425746	0.8	0.340000004	8.890000343	0.433999985	0.258949995	125	0.188570995	0.182055767	0.47972972973
800	352	206.4295399	0.036291699	0.8	0.340000004	8.890000343	0.433999985	0.258949995	125	0.177143002	0.20642954	0.52803738318
801	469	211.7078386	0.00687468	0.8	0.340000004	8.890000343	0.433999985	0.258949995	125	0.17125	0.211707839	0.54850746269
802	366	358.5489341	0.024305601	0.8	0.340000004	8.890000343	0.433999985	0.258949995	125	0.18	0.358548934	0.51633986928
803	500	105.7194568	0.00425447	0.8	0.340000004	8.890000343	0.433999985	0.258949995	125	0.18	0.105719457	0.51612903226
804	505	151.364678	0.046164999	0.8	0.340000004	8.890000343	0.433999985	0.258949995	125	0.18	0.151364678	0.58108108108
805	375	191.1481794	0.033673201	0.8	0.340000004	8.890000343	0.433999985	0.258949995	125	0.18	0.191148179	0.48015873016
806	404	239.5343922	0.018053499	0.8	0.340000004	8.890000343	0.433999985	0.258949995	125	0.18	0.239534392	0.51239669422
807	410	166.4213114	0.026024699	0.8	0.340000004	8.890000343	0.433999985	0.258949995	125	0.18	0.166421311	0.53846153846
808	433	145.9613199	0.010032901	0.8	0.340000004	8.890000343	0.433999985	0.258949995	125	0.149714003	0.14596132	0.46609124538
809	459	181.7294147	0.00175537	0.8	0.340000004	8.890000343	0.433999985	0.258949995	125	0.259048004	0.181729415	0.65368852459
810	504	104.7097537	0.00149819	0.8	0.340000004	8.890000343	0.433999985	0.258949995	125	0.24	0.104709754	0.70588235294
811	510	110.6230955	0.0139946	0.8	0.340000004	8.890000343	0.433999985	0.258949995	125	0.15	0.110623096	0.44000000000
812	520	162.9244295	0.044419498	0.8	0.340000004	8.890000343	0.433999985	0.258949995	125	0.130500002	0.162924429	0.44630872483
813	553	126.8867122	0.032910199	0.8	0.340000004	8.890000343	0.433999985	0.258949995	125	0.11	0.126886712	0.53431372549
814	442	248.6756766	0.016217999	0.8	0.340000004	8.890000343	0.433999985	0.258949995	125	0.135799999	0.248675677	0.51941328732
815	532	74.51565261	0.0476091	0.8	0.340000004	8.890000343	0.433999985	0.258949995	125	0.156667004	0.074515653	0.79166666667
816	543	43.82425716	0.00819853	0.8	0.340000004	8.890000343	0.433999985	0.258949995	125	0.11	0.043824257	0.71428571429
817	535	342.7796237	0.028017099	0.8	0.340000004	8.890000343	0.433999985	0.258949995	125	0.0754667	0.342779624	0.51736111111
818	539	131.1074263	0.052081099	0.8	0.340000004	8.890000343	0.433999985	0.258949995	125	0.09	0.131107426	0.40000000000
819	533	237.0427189	0.041969399	0.8	0.340000004	8.890000343	0.433999985	0.258949995	125	0.063947401	0.237042719	0.57453936348
820	546	104.3861494	0.0356671	0.8	0.340000004	8.890000343	0.433999985	0.258949995	125	0.11	0.104386149	0.61666666667
821	560	58.61248124	0.0194359	0.8	0.340000004	8.890000343	0.433999985	0.258949995	125	0.031428599	0.058612481	0.77272727273
