          hrr,            GC,           day,         month,          year,        chv_mm,         sv_mm,      rootv_mm,        ssv_mm,         gwv_mm        sr_mm/s        ssr_mm/s
  1  1 1984   0.00303   0.000948479457293
  1  2 1984   0.00644   0.002078533638269
  1  3 1984   0.02345   0.003124268259853
  1  4 1984   0.00842   0.003965811803937
  1  5 1984   0.00047   0.001918379915878
  1  6 1984   0.00023   0.000783256487921
  1  7 1984   0.00008   0.000000000000000
  1  8 1984   0.02409   0.002854655496776
  1  9 1984   0.02202   0.005197217687964
  1 10 1984   0.02470   0.005484704859555
  1 11 1984   0.26580   0.010444933548570
  1 12 1984   0.82405   0.063686184585094
  1  1 1985   0.23635   0.103507079184055
  1  2 1985   0.42529   0.133554756641388
  1  3 1985   0.51038   0.152244061231613
  1  4 1985   0.01674   0.127623915672302
  1  5 1985   0.00000   0.074408143758774
  1  6 1985   0.00000   0.040168631821871
  1  7 1985   0.00087   0.024353366345167
  1  8 1985   0.00000   0.016952903941274
  1  9 1985   0.00332   0.013833728618920
  1 10 1985   0.04725   0.014254413545132
  1 11 1985   0.72903   0.028932090848684
  1 12 1985   0.19219   0.102726168930531
  1  1 1986   0.55230   0.099712103605270
  1  2 1986   3.65097   1.217304825782776
  1  3 1986  10.88266  20.168889999389648
  1  4 1986   1.87482  18.982580184936523
  1  5 1986   0.00000   9.654587745666504
  1  6 1986   0.00000   4.677140712738037
  1  7 1986   0.00000   2.571480751037598
  1  8 1986   0.00000   1.377643346786499
  1  9 1986   0.52702   0.854911804199219
  1 10 1986   0.02536   0.777812838554382
  1 11 1986   0.47897   0.634044885635376
  1 12 1986   0.18864   0.661562740802765
  1  1 1987   0.87057   0.911559760570526
  1  2 1987   1.42327   1.109596610069275
  1  3 1987   4.42226   6.358262062072754
  1  4 1987   0.07175   4.921556472778320
  1  5 1987   0.00072   2.702639579772949
  1  6 1987   0.05091   1.438165068626404
  1  7 1987   0.00698   0.823942840099335
  1  8 1987   0.00000   0.480735957622528
  1  9 1987   0.00000   0.276297777891159
  1 10 1987   0.66285   0.223582074046135
  1 11 1987   0.47990   0.416947990655899
  1 12 1987   1.54326   0.704948306083679
  1  1 1988   2.03021   2.314046859741211
  1  2 1988   2.89103   2.675020933151245
  1  3 1988   0.30539   6.543237686157227
  1  4 1988   5.88977   9.984535217285156
  1  5 1988   0.05740  11.338648796081543
  1  6 1988   0.16644   5.371803760528564
  1  7 1988   0.00220   2.850701570510864
  1  8 1988   0.00000   1.467948317527771
  1  9 1988   0.02609   0.819678187370300
  1 10 1988   0.00149   0.508231401443481
  1 11 1988   0.40522   0.349872052669525
  1 12 1988   1.95368   0.919286727905273
  1  1 1989   0.22258   1.612986087799072
  1  2 1989   2.41285   3.396269321441650
  1  3 1989   0.92021   3.841461896896362
  1  4 1989   0.14354   2.389859914779663
  1  5 1989   0.27709   1.645830392837524
  1  6 1989   0.01014   0.952155649662018
  1  7 1989   0.00000   0.566009819507599
  1  8 1989   0.00000   0.310137093067169
  1  9 1989   0.06621   0.180682078003883
  1 10 1989   0.13829   0.142630070447922
  1 11 1989   0.12759   0.123351968824863
  1 12 1989   0.00028   0.123736761510372
  1  1 1990   0.94289   0.285340070724487
  1  2 1990   0.94967   0.548397183418274
  1  3 1990   0.10843   0.642578244209290
  1  4 1990   0.06658   0.410180509090424
  1  5 1990   0.21839   0.272083044052124
  1  6 1990   0.00000   0.206845626235008
  1  7 1990   0.00000   0.128114119172096
  1  8 1990   0.00029   0.074434272944927
  1  9 1990   0.02134   0.048162426799536
  1 10 1990   0.00000   0.035593606531620
  1 11 1990   0.03387   0.027446180582047
  1 12 1990   0.01245   0.025620462372899
  1  1 1991   0.26236   0.040386188775301
  1  2 1991   1.02589   0.042530965059996
  1  3 1991  23.20737  37.990131378173828
  1  4 1991   0.03633  27.208969116210938
  1  5 1991   0.00890  12.202684402465820
  1  6 1991   0.45618   5.950845718383789
  1  7 1991   0.02269   3.643612384796143
  1  8 1991   0.10631   1.915112853050232
  1  9 1991   0.00679   1.031245112419128
  1 10 1991   0.16874   0.638429224491119
  1 11 1991   0.04701   0.488333612680435
  1 12 1991   2.45117   0.626558363437653
  1  1 1992   2.47957   5.191388607025146
  1  2 1992  29.97867  91.292304992675781
  1  3 1992  19.03955  74.770324707031250
  1  4 1992   0.07360  29.262163162231445
  1  5 1992   0.31797  12.760640144348145
  1  6 1992   0.01063   5.799532413482666
  1  7 1992   0.07827   3.283224344253540
  1  8 1992   0.00000   1.823828458786011
  1  9 1992   0.00000   1.052533268928528
  1 10 1992   0.74940   0.715877950191498
  1 11 1992   0.00000   0.841676056385040
  1 12 1992   3.70608   2.203035831451416
  1  1 1993  28.96841  76.865928649902344
  1  2 1993  30.93760 114.476043701171875
  1  3 1993  27.10948 118.118270874023437
  1  4 1993   0.00000  38.406108856201172
  1  5 1993   0.19399  16.561584472656250
  1  6 1993   1.17268  10.072182655334473
  1  7 1993   0.00320   5.340945720672607
  1  8 1993   0.00689   2.793846845626831
  1  9 1993   0.00000   1.512044310569763
  1 10 1993   0.05386   1.037952065467834
  1 11 1993   0.79036   0.834165275096893
  1 12 1993   1.00470   1.364934206008911
  1  1 1994   0.86955   1.416356801986694
  1  2 1994   8.14204   8.458850860595703
  1  3 1994   4.52518  16.926006317138672
  1  4 1994   1.01266  14.611252784729004
  1  5 1994   0.71385   9.268713951110840
  1  6 1994   0.00000   5.162874698638916
  1  7 1994   0.00000   2.941119909286499
  1  8 1994   0.00000   1.719956398010254
  1  9 1994   0.05496   1.048051118850708
  1 10 1994   0.51976   0.974026203155518
  1 11 1994   0.97192   1.074408769607544
  1 12 1994   0.81618   1.165304064750671
  1  1 1995  94.93820 207.897064208984375
  1  2 1995   5.20630  42.471519470214844
  1  3 1995  73.88033 230.231201171875000
  1  4 1995   0.86710  32.526676177978516
  1  5 1995   2.64531  19.413055419921875
  1  6 1995   0.68742  11.757529258728027
  1  7 1995   0.00000   6.472397804260254
  1  8 1995   0.00000   3.505697488784790
  1  9 1995   0.00000   2.082427501678467
  1 10 1995   0.07122   1.353095293045044
  1 11 1995   0.11726   0.906849205493927
  1 12 1995   1.34608   1.031334519386292
  1  1 1996   2.31057   1.299963474273682
  1  2 1996  11.16184  12.906400680541992
  1  3 1996   6.88881  37.710044860839844
  1  4 1996   1.90093  23.054370880126953
  1  5 1996   0.89218  13.348993301391602
  1  6 1996   0.00273   7.348340511322021
  1  7 1996   0.00055   4.371288776397705
  1  8 1996   0.00000   2.853336334228516
  1  9 1996   0.00000   1.858082294464111
  1 10 1996   3.16554   1.656437397003174
  1 11 1996   3.38278   7.119398117065430
  1 12 1996  11.65930  30.273822784423828
  1  1 1997  21.00116  74.412178039550781
  1  2 1997   0.26638  34.369792938232422
  1  3 1997   0.00093  17.530656814575195
  1  4 1997   0.00000   8.483718872070312
  1  5 1997   0.00881   5.073572635650635
  1  6 1997   0.00000   2.891838550567627
  1  7 1997   0.00825   1.863367199897766
  1  8 1997   0.02155   1.162068843841553
  1  9 1997   0.06060   0.806060850620270
  1 10 1997   0.02164   0.618197083473206
  1 11 1997   2.64936   0.770210742950439
  1 12 1997   9.17401  20.320171356201172
  1  1 1998  13.45638  38.137931823730469
  1  2 1998 204.56165 453.709808349609375
  1  3 1998  16.75126  71.260276794433594
  1  4 1998   9.35642  75.294692993164062
  1  5 1998  18.63964  84.620285034179688
  1  6 1998   0.29505  24.205841064453125
  1  7 1998   0.00000  11.548067092895508
  1  8 1998   0.00000   6.544623851776123
  1  9 1998   0.42531   4.269866943359375
  1 10 1998   0.03381   2.700072050094604
  1 11 1998   1.13774   2.029417276382446
  1 12 1998   0.56670   2.672150373458862
  1  1 1999   2.42587   2.287392616271973
  1  2 1999   1.72113   4.952149391174316
  1  3 1999   7.06687   9.957693099975586
  1  4 1999   4.68979  22.280097961425781
  1  5 1999   0.01557  12.471416473388672
  1  6 1999   0.15527   6.080934524536133
  1  7 1999   0.01353   3.634788513183594
  1  8 1999   0.00177   2.248762845993042
  1  9 1999   0.04394   1.417671799659729
  1 10 1999   0.00000   0.983561992645264
  1 11 1999   0.83177   0.970979452133179
  1 12 1999   0.00391   0.803222179412842
  1  1 2000   0.93284   0.686562538146973
  1  2 2000  16.07991  16.217199325561523
  1  3 2000  24.80524  99.686004638671875
  1  4 2000  11.02690  45.399658203125000
  1  5 2000   0.07409  25.279136657714844
  1  6 2000   0.25011  11.714710235595703
  1  7 2000   0.00000   6.630426883697510
  1  8 2000   0.00000   4.096431732177734
  1  9 2000   0.02280   2.503304004669189
  1 10 2000   2.10560   1.831295609474182
  1 11 2000   0.00000   2.690643310546875
  1 12 2000   0.12600   1.966491937637329
  1  1 2001   9.67778  14.898726463317871
  1  2 2001  16.11390  49.803962707519531
  1  3 2001  78.54811 184.258178710937500
  1  4 2001   4.01260  25.082141876220703
  1  5 2001   0.07582  13.813060760498047
  1  6 2001   0.00000   6.187330722808838
  1  7 2001   0.00786   3.199633121490479
  1  8 2001   0.00021   1.627330064773560
  1  9 2001   0.00000   0.837245464324951
  1 10 2001   0.31334   0.499988347291946
  1 11 2001   2.42565   0.897935748100281
  1 12 2001   1.57003   2.168843984603882
  1  1 2002   0.79328   2.410747528076172
  1  2 2002   0.32087   2.143415451049805
  1  3 2002   0.40814   1.898610472679138
  1  4 2002   0.05095   1.184508323669434
  1  5 2002   0.04662   0.735020995140076
  1  6 2002   0.00726   0.397789180278778
  1  7 2002   0.00000   0.216679036617279
  1  8 2002   0.00006   0.116109855473042
  1  9 2002   0.02485   0.066868089139462
  1 10 2002   0.00168   0.043168853968382
  1 11 2002   1.19943   0.305205523967743
  1 12 2002   2.77596   1.119501233100891
  1  1 2003   0.00969   1.962713241577148
  1  2 2003   2.61957   2.869639873504639
  1  3 2003   5.58650  14.959380149841309
  1  4 2003   3.88905  17.303075790405273
  1  5 2003   5.08683  26.092048645019531
  1  6 2003   0.08078   8.511661529541016
  1  7 2003   0.00250   4.260173797607422
  1  8 2003   0.00000   2.223179340362549
  1  9 2003   0.00000   1.214530110359192
  1 10 2003   0.31396   0.698482811450958
  1 11 2003   0.61256   0.862300455570221
  1 12 2003   1.24911   0.935867369174957
  1  1 2004   0.25991   1.398769259452820
  1  2 2004   5.15300   3.096096754074097
  1  3 2004   0.76641   8.952933311462402
  1  4 2004   0.00000   4.232405662536621
  1  5 2004   0.00000   2.347252845764160
  1  6 2004   0.00459   1.248157024383545
  1  7 2004   0.00000   0.690707325935364
  1  8 2004   0.00119   0.380387037992477
  1  9 2004   0.00000   0.214481472969055
  1 10 2004   2.46951   0.670532107353210
  1 11 2004   0.17932   1.609776496887207
  1 12 2004  10.11175  13.793476104736328
  1  1 2005  77.73380 178.366149902343750
  1  2 2005  41.63805 103.080383300781250
  1  3 2005  12.39922  64.015808105468750
  1  4 2005   2.11136  33.375434875488281
  1  5 2005   2.43425  24.840507507324219
  1  6 2005   0.00117  11.066916465759277
  1  7 2005   0.00000   5.480476379394531
  1  8 2005   0.00000   2.662000656127930
  1  9 2005   0.06771   1.463705539703369
  1 10 2005   0.52529   1.140044808387756
  1 11 2005   1.13806   1.544697403907776
