0.165509672355984 0.0369866493284584 0.159123370145151 0.10824084634787 0.0385367356316975 0.140807274663335 0.0654230787838343 0.0303413074165567 0.0128904512220828 0.104365513915509 0.350795451527504
0.175169418762566 0.0368214129678748 0.166214211961754 0.104837215648944 0.03916061594137 0.149037995384667 0.0616577928320658 0.0301471482848411 0.012387035646746 0.0968616189322519 0.328759129332824
0.17861345626054 0.0379243078468295 0.170499199595977 0.103839789952376 0.0403739478850498 0.14499540235625 0.0631604269970694 0.0308486450589528 0.0117564450092641 0.0937407504063596 0.323753896102978
0.178022231897867 0.0385423913594962 0.171209091460232 0.104048538768309 0.0406233493384986 0.144118242813632 0.0628474727518287 0.030789814844677 0.0120764543728668 0.0930968321264925 0.323436154361965
0.180188678219801 0.0366137064499729 0.174685131387768 0.108650475361744 0.0380763539431545 0.147151965039927 0.0625293616649062 0.0284791316278696 0.0109967251106753 0.0955453992540295 0.314633689597632
0.176640138989676 0.0382629207404816 0.168382007941458 0.10384262613435 0.0403225853061431 0.145615772023459 0.0634910999083578 0.0314444050170044 0.0118962342827132 0.0944315422706005 0.326933948864432
0.179033405263238 0.0375075116462132 0.170756827147344 0.104309252461663 0.0406249132364486 0.143744324636503 0.0636122007646859 0.0296626384404058 0.0118393183050857 0.0934600928062782 0.324023765608592
0.185844628553097 0.0325525383978116 0.184266641281779 0.117054951859105 0.0345318223270615 0.149984455391003 0.0610415190450469 0.022249768400562 0.00946602585571857 0.0971437865944376 0.295764962190142
0.173347451185278 0.0380464714272052 0.166245900860816 0.107797669519335 0.0415250097773906 0.146476530402412 0.0592296456138745 0.0332291292845128 0.0112816863728248 0.100539608260466 0.326560966827563
0.178269956647366 0.038087204049324 0.170842312603137 0.10464790156595 0.0404183030459196 0.144208427468095 0.0632083513054839 0.030360581688044 0.0119449358208241 0.0936973487519564 0.323525894620208
0.176074779943414 0.0376360759439349 0.166670344439528 0.103851205712088 0.0402258148505901 0.146995011892622 0.0640748064255368 0.0315964649649147 0.011645328302387 0.0957896025102072 0.328546767217822
0.180806631372165 0.0411714626012259 0.170238353851687 0.0998356350604496 0.0432398443805959 0.144660651089024 0.0624287585750925 0.0322037249646181 0.0119914662235478 0.0893668762347976 0.320047421644852
0.17817758702766 0.0406693756288655 0.173096338161502 0.102083739504568 0.0425519636420958 0.144674044641136 0.06332008885006 0.031580707104996 0.0123385313230182 0.0876818747725027 0.318746951394174
0.174943208579237 0.0405533634817134 0.168526334768387 0.102354350942331 0.043180640374661 0.15044688810894 0.0620821026342583 0.0352343048126628 0.0118204225650369 0.089882390886754 0.31999521374473
0.175310731542074 0.039911105749219 0.176980432032032 0.103521266201527 0.041452617796285 0.145102171234905 0.0625943815188045 0.0312059535279392 0.0124862390930664 0.0882267625925736 0.317721675443958
0.175196795876112 0.0379144519738644 0.182936238728016 0.101399399575685 0.0402177711464482 0.147205297493499 0.0604100234817416 0.0316108928348075 0.0122103172594976 0.0896177510545959 0.315130045206375
0.175130027777497 0.0380927180471565 0.181052524803381 0.101053266497515 0.0403557231492782 0.146801529123588 0.0606669006015158 0.0317727464598503 0.0125016055659102 0.0897518189924667 0.317514210601583
0.174789624827416 0.0384277738249987 0.181381871584386 0.101651737101636 0.0405529941001567 0.146030230988812 0.0615985838205589 0.0316705017368183 0.0123709863420721 0.0888816895331202 0.317165767572595
0.17489443505007 0.0344631266074155 0.185693844298751 0.108950824755039 0.0359668264395369 0.143142709591693 0.066433030075712 0.0270197578173944 0.0116841115272156 0.0901246985777945 0.316888233257494
0.175689415060526 0.0380830679073345 0.180708193043716 0.100943916513952 0.0407290542837273 0.147069935050396 0.0609150495322108 0.0314708464074207 0.0122254906526271 0.0893017556953474 0.316776418140349
0.178842101542353 0.0364212165722184 0.183185468687183 0.104215801989696 0.0385782979656626 0.150815523416898 0.0603484834219947 0.029060146594718 0.0113259107429758 0.0909130500699981 0.307941589825988
0.171127730965746 0.0284273980277923 0.187888304469515 0.136547210192265 0.0299491545151268 0.123679494878712 0.0742926331469394 0.0213664426101053 0.011947996776081 0.0960255136465166 0.322380706950844
0.167216171661805 0.0355461933085445 0.171745561990995 0.114174677669953 0.0374722006224855 0.131363590347144 0.074775670971087 0.0293977452881761 0.0145316680095592 0.0887090112079611 0.342481604399075
0.167103260517135 0.0352646941488651 0.17264381683092 0.114046508534843 0.0372958003076033 0.131164938368073 0.0745419168901883 0.0292454748764136 0.0144378764659773 0.08914829358141 0.342480981292562
0.175097130965888 0.0259773064371056 0.187111498377598 0.13725355373925 0.0269521009757447 0.124155231656852 0.0750904926133109 0.0188421803538617 0.011881082307082 0.100226956120033 0.323453177847562
0.170495528203683 0.0274019624494462 0.18077804562307 0.132629178788896 0.0289128899822895 0.12327763246797 0.0781635633973901 0.0194575848326894 0.0128847382052502 0.0988607555210435 0.336504762484645
0.16710185734181 0.0348773549403496 0.172341085608059 0.113796878442499 0.0370898183262841 0.132158900368196 0.0744625772040211 0.0291816574277264 0.0144516754575721 0.0896382705286194 0.342634104972801
0.168956073727983 0.0326753606831457 0.17493451242326 0.113662958379364 0.035976294888127 0.133418756836366 0.0745619000751645 0.0273030619355973 0.014031431656539 0.0895837838230456 0.340376043061753
0.177967352712249 0.0248531459585293 0.186750920921563 0.139027905368845 0.0262007532503382 0.123851093450895 0.074177273578795 0.0182102795674291 0.0116212745629207 0.102705144695478 0.321348828337581
0.164731889248174 0.0377592678064063 0.168291054647612 0.111698248552943 0.0396696814403993 0.132755017016878 0.0758161692856112 0.0315841740955885 0.0157366273771802 0.0850473120496105 0.34509484128759
0.159485341073281 0.0252412982908786 0.177545590395625 0.145675072814645 0.0258667258102012 0.116521246496475 0.0820760300430438 0.0171587980788476 0.0136052604031224 0.107817406937145 0.349664725118895
0.14871607614543 0.0286724423383151 0.171378724712234 0.140034877126525 0.0296463982637445 0.111046377343382 0.085790872250171 0.0215778071173601 0.0173091771923649 0.0980956061931049 0.370505104070369
0.149152083154563 0.0280689418146922 0.171946633215398 0.138751581497545 0.0292832313076544 0.112042718094871 0.0853551262999649 0.021524102478892 0.0172558581627611 0.0981594590880763 0.370754810915277
0.149212906753353 0.0279011491422193 0.171034145849285 0.137739651989077 0.0293043804260195 0.112127928689821 0.0855154900082642 0.021604835120431 0.0174101835180349 0.0983093690162997 0.372679837150224
0.152370582942361 0.0206520792486977 0.182725586667556 0.183564912410188 0.0204360274980001 0.112782081114591 0.0724256573508089 0.0141411709181576 0.0116546452512792 0.126150689398923 0.327468730118605
0.149390743212808 0.0280297281031588 0.173302008812177 0.140526317445028 0.0293457348013878 0.112542273983195 0.0848586538194648 0.0214228288215127 0.0169922648845591 0.0978156548457311 0.366863193642246
0.153926851516518 0.0302616883888004 0.164866827073912 0.14052612880884 0.0326717473123643 0.113457113710417 0.0867527727456768 0.0224785891527933 0.0182265882219222 0.0932267539675841 0.364289643189149
0.149064682363268 0.0293500448016301 0.171803362888871 0.141393545994626 0.030138908843186 0.110380768452823 0.0853868932588451 0.0217724005029324 0.017389154742724 0.0972482763641734 0.367868686655596
0.147381453016373 0.0287568623820665 0.173342157037838 0.141749993340217 0.0294865995044658 0.110889079915001 0.0854010634459369 0.0218122051918667 0.0171505463896318 0.0982731259938267 0.368393854804039
0.149843229832889 0.0289860176395292 0.171737403798299 0.140962599140129 0.0300385781042103 0.111560751967155 0.0850483979128007 0.0214252738540207 0.0171607695663866 0.0978194131044962 0.36687141951779
0.146675339638403 0.0221264791770109 0.187336991487058 0.169784207534672 0.0214957385443664 0.113691213323564 0.0801392515534135 0.0147955992697693 0.0128291912433902 0.114833104080344 0.338890030294926
0.155765908149624 0.0240975069847491 0.176995886865464 0.172122722179021 0.0237420355139831 0.112280906379683 0.0819023752242649 0.0158544385960354 0.0123341970439458 0.110458238748308 0.334995033927476
0.154243497858343 0.0249335595219735 0.179570961213034 0.172124909903814 0.0243538428937184 0.11120438436103 0.0807477685472497 0.0161660072510959 0.012904620643881 0.110040090626365 0.333568844248087
0.152465195352736 0.0187405607017333 0.203963447140062 0.191224575198342 0.0177204924644256 0.115925618271223 0.0670696457926233 0.0116335568441147 0.00828321570137244 0.124356385286952 0.29996011087148
0.153596814845312 0.0252242552195567 0.180391993239438 0.17000374727825 0.0244521637234342 0.110544091607018 0.0806842941209769 0.0164574312758479 0.013225705202961 0.109513623463765 0.335786934086989
0.153767149900954 0.0237980995490304 0.185055350035795 0.173804836528862 0.0231565382056172 0.109872284321273 0.0801017819084468 0.0149925356382758 0.0131610651894024 0.111114510967368 0.330545741458469
0.153542138787101 0.0253096177830395 0.181142489723636 0.171973316090765 0.0244366598491096 0.110213176408958 0.080179834566425 0.0163092738207213 0.0132226064754653 0.109836253532878 0.333382601357391
0.155927464655916 0.0238677373122318 0.176957899730435 0.171863921786232 0.0235868841928758 0.112521594437905 0.082031388122422 0.0157068645484644 0.0122598180671717 0.110582106355418 0.335274497884404
0.154685620632976 0.0234345661820069 0.177966906488371 0.16991812216808 0.0232649403665566 0.112678120236793 0.0822480422508244 0.0156259028024688 0.0125160940656974 0.111048297206334 0.338051723925216
0.144980854464334 0.0148981128151383 0.217050448151764 0.208578732616541 0.0141864846805431 0.118039824460008 0.0573008329360047 0.00934708175440183 0.00636395687417452 0.132054215216394 0.282265542811672
0.154511123148269 0.0234971002961438 0.178037576221351 0.169828122626021 0.0233143359274598 0.11265555530888 0.082151445676821 0.0156747119712776 0.0125345979202219 0.111093827389678 0.338156186471876
0.153902899954652 0.0245854281426584 0.181297069300939 0.171831634191044 0.023978799374107 0.111088065149434 0.080550090936213 0.0158448846503397 0.0130095020725181 0.109919188873148 0.333316103887165
0.150847818681471 0.014594276822814 0.218727197686176 0.21324164349479 0.0136243763102294 0.115629797100051 0.0606060029724634 0.00872884178698418 0.00654713499508019 0.121250033119993 0.27333488990447
0.162238188128168 0.0262228574235487 0.17611111237349 0.169804457609992 0.0261636755589894 0.111311954211512 0.0852360324168274 0.0162415273414722 0.0142012501055938 0.0984767770879719 0.328147754694297
0.161076011949094 0.027126672237983 0.178813215421924 0.169013414761894 0.0265379903657148 0.110482753224812 0.0841067753594653 0.0167564037321477 0.0144427576960342 0.0980364644553579 0.32694994203858
0.16268167228826 0.0266140570102825 0.176381382826777 0.170589756691789 0.0264610241807794 0.111247603561693 0.0847709897305095 0.0162191398920493 0.0141119205210187 0.0981203555630374 0.32602450344042
0.158779277812195 0.0283712942678327 0.180389138761882 0.169970168357186 0.0263765294500521 0.108830411923658 0.0840322883282864 0.0171559441829262 0.0149068977265229 0.0976117158317219 0.327283179427193
0.162580793472465 0.0259725957554994 0.175939176189802 0.169929326906832 0.0259440002074761 0.11171536185968 0.0853800948850992 0.0160369816880068 0.0141097743510073 0.098636817130806 0.327918745608246
0.146654324353376 0.0138690731820282 0.221258025598269 0.221182855094929 0.0128242719005917 0.112792854771698 0.0603874665982164 0.00859926586983889 0.00665410113343417 0.121424033127598 0.271418595099107
0.161882876037184 0.026930224263474 0.177664576839812 0.170993772194308 0.0267518409365324 0.111137032955324 0.0838696271037965 0.0165681976757648 0.0139983200933356 0.0978558619435771 0.324639676773367
0.162144462151808 0.0265966609646798 0.177610408234953 0.170663814629492 0.0264502137394054 0.111423887416096 0.0840598871637441 0.0164314511202829 0.0139879046886345 0.0980573702744429 0.325110552863565
0.161618722122268 0.0269709654799195 0.180042775706874 0.1721030403227 0.0265849834379761 0.110805593582532 0.0836121058027271 0.0166704811775953 0.0137464017508689 0.0975858875333239 0.321873919347731
0.156295537345596 0.0293766661152886 0.182142798289044 0.174311531806171 0.0267994525271259 0.107701650106985 0.0839030440272192 0.01773071081358 0.0149197854650651 0.0965172249690273 0.323372363809788
0.161201090505345 0.0269532454877325 0.179505702410852 0.174767788022358 0.0265211466348361 0.110123682069457 0.0838830152269571 0.0164609694309278 0.0139820559323139 0.0977630466027431 0.32092734486942
0.144138553420927 0.0121879381420481 0.219311318421536 0.238559029028452 0.0104670538453455 0.106496866545024 0.0588129977811456 0.00660456375811639 0.00566849943767174 0.132612780861306 0.268839240596667
0.164555259086267 0.0268464856193166 0.182178728820208 0.170793701020971 0.0262909075157989 0.11001927132573 0.0818914826943561 0.0162206509819499 0.0137978061402208 0.0993758185149987 0.319315646611709
0.16963152671266 0.0248247273051659 0.181002481295267 0.176018279411618 0.0247621273792377 0.10913344957115 0.0806634961312912 0.0162717071643934 0.0142441485453782 0.100593480898786 0.314627408324901
0.170758452903796 0.0193256571563342 0.209553912891435 0.207684648074067 0.0167090917892835 0.101986754849968 0.0699853664522306 0.0103050514526683 0.00944923227374322 0.110350529248766 0.273981482335117
0.147997912377439 0.0133082658465202 0.210729499490027 0.241471131211319 0.0107588940066934 0.100946983421305 0.061370252169412 0.00636429952338922 0.00592496307524818 0.138184876004145 0.274787313646698
0.165083601133407 0.026607517731122 0.187273691616459 0.174753704408307 0.0253409801126677 0.106782409962642 0.0789501563440207 0.0171233654878552 0.0143912165490097 0.101049945093475 0.314158095035396
0.147715617216943 0.0135801084509744 0.214874505211715 0.239236644389403 0.0108717054955437 0.0984857077490671 0.0613111054915787 0.00661495907833148 0.00569708479349032 0.139712683195931 0.275235711486355
0.164489828360013 0.027228919796868 0.18801010563675 0.174695398457272 0.0256619412955021 0.106580919270851 0.0776229866566166 0.0173223092589281 0.0145513235765992 0.100586644195787 0.313332887182744
0.16772556815046 0.0256494309163133 0.184147192363129 0.175300496867781 0.0251581214400562 0.108559709698248 0.0794113867617313 0.0166708241387966 0.0141827059654611 0.100497762481039 0.313459480564012
0.166301244998967 0.0257332199413781 0.185747637830666 0.175095234509643 0.0247596838088129 0.107385973380682 0.0800690686690642 0.0166973611859864 0.0141489273840452 0.10161950713835 0.314977005529848
0.160511454865134 0.0279899310061147 0.188966881611831 0.172340332574864 0.0268431740388503 0.105443337759759 0.0784355272518117 0.0182151503409774 0.0150703458726637 0.100883959224184 0.31790488814345
0.169918954780148 0.0236444151861679 0.213226216902335 0.1764898325357 0.0213101745374892 0.115731921815653 0.063308046270479 0.0155659604271798 0.00942561322225277 0.106670995800908 0.279678484242505
0.163428219402833 0.0262345400264806 0.21893082583681 0.16740419040338 0.0238568033348311 0.116627204778284 0.0598253873058871 0.0185320670637795 0.0094638449243838 0.103846036806242 0.283518216217381
0.150086384505592 0.0144014448117299 0.226660884717634 0.228064342969081 0.0113031528734109 0.10361614762209 0.0562932705319106 0.00738214936831902 0.00556002914059037 0.133369403099498 0.265867642500462
0.164500528477532 0.0257375228105557 0.217107950634818 0.169987382102396 0.0233872410290877 0.116203310760915 0.0608368043506306 0.0179902230631154 0.00957352111532278 0.104774646909243 0.283076064184694
0.167161455358515 0.0251011406484412 0.215079387467347 0.17077375121405 0.0231189720357185 0.117583410763114 0.0610800569543617 0.0175583803861241 0.0093202085534493 0.104157695170187 0.281181882512814
0.168820410598177 0.0250408511564362 0.214773591873436 0.170336540489225 0.0228331637258977 0.117938882047802 0.0615328816642959 0.01734329595002 0.00915168111201364 0.104679421843428 0.280256560109028
0.152407458688152 0.0289655948831029 0.228362144672484 0.171940071873008 0.0282615529598157 0.102897959776757 0.0605263477415946 0.0198589732677216 0.0115154859850935 0.102227776086794 0.28716521714668
0.150935664827016 0.0142861460283885 0.227619546119925 0.232181946377822 0.0112878001916251 0.104685984304669 0.0567185488662439 0.00721747840414084 0.00547262943463619 0.128966564732424 0.259002912150554
0.159367548558774 0.0278537287896089 0.22066034156803 0.165660101017931 0.0264532451256197 0.113057234068627 0.0600349985828245 0.0198692360591385 0.01027365552063 0.103171351552235 0.286947800871408
0.159226321592658 0.0277404256119117 0.215917034332111 0.165459973289227 0.0260839884170337 0.114694591508374 0.0632027780580224 0.0205965461081777 0.010652196909424 0.0992582333488113 0.290877665248685
0.160007862508493 0.026946099098819 0.208967425720805 0.16696501425076 0.0246662262943887 0.116085947981924 0.0649785348726188 0.0201570981579968 0.0113919438748818 0.100596199778793 0.29636142414481
0.167899546948684 0.0269221993038698 0.210392295109297 0.166976452340109 0.0244630676602243 0.117474420143905 0.0623797640214354 0.0186857086909144 0.0101742166865262 0.102375091565019 0.28587201849391
0.171009764959149 0.0261876412973061 0.202914978889693 0.168878814263285 0.0251552293023839 0.119651823815735 0.0649168402576932 0.018994292661303 0.0105399463177487 0.0997144237342534 0.286201747472448
0.168994825678396 0.024765384907909 0.207454877744201 0.171312399574549 0.0230902323018195 0.119007358591053 0.0647859607730943 0.0176075450243037 0.0100524344219898 0.101399566910596 0.285374921202072
0.170268300331558 0.0240700110223966 0.21081634576228 0.168849117475475 0.0229045912022421 0.121794166264292 0.0628385693167824 0.0163893662412831 0.00979205141370278 0.0994291328828644 0.281297467941756
0.181807561459143 0.025124816015457 0.198534054082662 0.158473882551517 0.0264966979287455 0.129046771412094 0.063964776939722 0.0180127738496827 0.0100339786012857 0.0898202781549493 0.280516216550382
0.158843848273703 0.0152938686321588 0.228798867402964 0.220922062969311 0.0128844889919855 0.109299866723957 0.0573571510642769 0.00816348413178198 0.00636390323622625 0.114679382680645 0.253956997005919
0.168242334823933 0.0194968704623317 0.222173613273249 0.186373592456841 0.0176726477436543 0.117926246024976 0.0611510985908957 0.0115239266095464 0.00852381066289673 0.104208397474554 0.268114695215016
0.163612396215579 0.028762208728158 0.199321383778346 0.139900770918315 0.0322022583025069 0.116366115730376 0.0777533884616821 0.0234550932024459 0.0145834244815352 0.0800032974625183 0.31983486632672
0.184372721403347 0.0233358064078765 0.206120555053539 0.149904775500052 0.0245438337100013 0.127082775158195 0.0669417103859156 0.017862001737873 0.00943431054759917 0.0926467322129763 0.284639532766988
0.149790180488639 0.0286636243785385 0.211700610999817 0.121493054152349 0.0279554866098853 0.127358158060771 0.0655651361125559 0.026234451755122 0.0118885524447479 0.105268215729364 0.333038885310002
0.150504986008037 0.030484656614948 0.210291530006684 0.119714347990491 0.0289080805804607 0.127343866243783 0.0648484565709349 0.0271310651381153 0.0119967607482707 0.10359085457528 0.332752532555597
0.167696428417436 0.0218255799481072 0.240839267931969 0.17564289256524 0.0172428509465251 0.11553285418669 0.0568883903410385 0.0129816673815561 0.00740886167579399 0.100828336441557 0.261220126004031
0.171928316347316 0.027768987567981 0.201621239751623 0.118549182883364 0.0299099416265209 0.118398741469172 0.0701050005102233 0.0227289134592853 0.0142032151013349 0.0970393225534754 0.331823590354023
0.139004642783375 0.0189662978055003 0.244106477123281 0.223660805518912 0.0121016327724171 0.100523951630197 0.0524439959366614 0.0105670578199323 0.00687627582488736 0.121612732550188 0.261636192366317
0.181199888076093 0.0372843388084672 0.160268180147523 0.165682880301365 0.0324303762830421 0.0904631265499229 0.0802076772767788 0.0190278024759933 0.0163287853317951 0.0959299937283137 0.332671209833589
0.188037066424343 0.0419633358452886 0.167094394495569 0.156721532161581 0.0400460880444686 0.0864358223446434 0.0752296837905294 0.0207382619123266 0.0158085340520056 0.0897271787985572 0.319701760684106
0.18827302069401 0.0427536116226174 0.166609657998958 0.155994855594057 0.040555231744455 0.0859801341099287 0.0745534258080107 0.0211435128887647 0.0159794551327231 0.0891803871972759 0.319833488235975
0.181923116909914 0.0375401770992535 0.160511145191554 0.165082757425373 0.0330208380467304 0.0893057779514594 0.0798174417019496 0.0190946255555134 0.0165470323195142 0.0955827449930672 0.332616187375716
0.13441258530031 0.0178373661756344 0.246936056852807 0.228744165808821 0.0118990373319489 0.0991373117920564 0.0511126898960655 0.0103245520984113 0.00660865805948546 0.124773763411575 0.261033476738422
0.184801233486263 0.0400745160689027 0.163589093995103 0.168961341225124 0.037135777935741 0.0827291655153696 0.0788606579450367 0.0198894334236445 0.0164112990934781 0.0916484649835369 0.322708871773498
0.175047357796431 0.02763591761786 0.197153021380429 0.184739145513007 0.0212418081909912 0.087891507911454 0.0692567564274638 0.0129703442239922 0.0101374852231807 0.119143625624745 0.306291241589829
0.16919865718962 0.0283275292214858 0.184057041840409 0.184625342046889 0.0225591145481511 0.089787766050411 0.0756728609271553 0.014100714063779 0.0115950475720842 0.117436633323359 0.321444549103033
0.173916858489546 0.0385708655566931 0.150349241069101 0.190316621657158 0.0327227067550826 0.0773402365556586 0.0971840639822597 0.016922103169004 0.0214108220733271 0.0914545925413683 0.336783469916761
0.176287244498811 0.0386936967586261 0.152313756507319 0.187918085487882 0.0352669246714137 0.0784155599322794 0.0934133338184159 0.0184463914509976 0.0211064572251307 0.0890271924371371 0.331104732143668
0.123716645043319 0.0127221862111317 0.238447536037631 0.264500129136897 0.0093426068653287 0.0913386647879762 0.0554371694377498 0.00722874416025085 0.00632141381431874 0.129523605039538 0.259932231917715
0.168495504842991 0.0344988396032156 0.158064625852042 0.194911102352854 0.0281702228093071 0.0789781793345717 0.0941039385956071 0.0149495144834653 0.0182637387253574 0.103450094292562 0.336881525205018
0.174865524675344 0.0388288950606355 0.143577661592503 0.189634760471243 0.0333439848534588 0.0776459586066541 0.101291467777927 0.0176695388937048 0.0227902713193276 0.0889998788264493 0.342103214740162
0.178492104881276 0.0383278533607464 0.14563728215115 0.190117145629148 0.0347469128814096 0.0786016389312328 0.100416595588288 0.0178699392116356 0.0216965802046881 0.0852143349990257 0.334077062165038
0.175400107568813 0.0385582069285099 0.146940743306048 0.188554510487313 0.0346792846055728 0.0773721486365735 0.0976630163148684 0.0183049102661356 0.022425482719294 0.0885846344291254 0.338494998467172
0.174366218436497 0.0362350130346258 0.152795987536199 0.198649758206707 0.0322446224509241 0.079746287435725 0.0978039445306904 0.0166890626936866 0.019858934251037 0.0881607826327666 0.325962112899321
0.117856932723386 0.0129483278403591 0.249975348680578 0.264477339218386 0.00995220233711896 0.0927450112568064 0.0488296970597144 0.0073199151038698 0.00622266169372597 0.130685717127992 0.252044837943366
0.129307700884706 0.0151321886241639 0.238728178383856 0.253965218282805 0.0100868024052226 0.0860082135125926 0.0556543510568245 0.00747056933281173 0.00715832545390777 0.133994613594522 0.266771697906656
0.112160296127686 0.0143811143516577 0.266930061438931 0.266602237543268 0.0095752637429789 0.0908484503559084 0.0447531542648604 0.00727275437947239 0.00487185946656581 0.12875358268346 0.239502576439568
0.115044784285061 0.0148906258456478 0.268486716619241 0.258812527245022 0.00955081073995644 0.0912484287660946 0.0452348450243115 0.0073249071339073 0.00461355939370454 0.129730106704204 0.241966106498977
0.159416527920305 0.0202200037798612 0.204939271446379 0.231757901106137 0.0158350048214707 0.086455578508592 0.0680805351125276 0.00880928763014931 0.00853057944885042 0.118077525651615 0.281375712417254
0.164599310830281 0.0298812122814919 0.16987934785354 0.201533750305228 0.0252323298302968 0.0818355465747898 0.085793814476743 0.0154796695411135 0.0138454372608752 0.10957832819674 0.327038502324371
0.118736755287864 0.0154789764953294 0.262337888949025 0.259118312256963 0.0095816477175428 0.0896452565908627 0.0476736625914207 0.00742240775666319 0.00468515002451564 0.128903961065128 0.245101162702413
0.115300193709014 0.0160492801503568 0.295896044589597 0.25895847492787 0.00819245154108941 0.083592318467882 0.0404378657792959 0.00658228546102185 0.0036696700549082 0.121033414483288 0.222011236614191
0.143590483455449 0.025995061230612 0.206308766073087 0.184938249631435 0.0200701595619663 0.0863740855911487 0.0756549078384472 0.0139307229303366 0.0109121227452394 0.129399763009868 0.332723194456302
0.117320360224628 0.0158210049106355 0.319619525425468 0.240968673151422 0.0075092108345559 0.0765901578893758 0.0376080071264626 0.00647442279938679 0.00329069439815229 0.127041872214128 0.222171067563916
0.135932283109032 0.0265400473785246 0.221950610700105 0.187776644284549 0.0198840503839518 0.082416622505446 0.070203387500475 0.0155063532954315 0.0103145030571656 0.132073831704433 0.325499741638391
0.141519479259782 0.0234622907811423 0.210805337672049 0.190745218546364 0.0188483755424164 0.0864613558680726 0.0741338879314329 0.013909116897626 0.0104742239791624 0.129994970454719 0.328157942330174
0.1368130324069 0.0263263236987881 0.221077864299962 0.186706322741368 0.0202139546036533 0.0831105833757606 0.0698158483682963 0.0159172110401467 0.0102644736126962 0.132677423405833 0.325751918873568
0.14024122641343 0.025150218018959 0.213093993879411 0.187697661253709 0.0190740417445375 0.0855790119290954 0.0738675847209264 0.0140476154622638 0.0108768721138854 0.130374926413898 0.329163846760856
0.145205654094813 0.032768789766866 0.212096414504316 0.172764479463067 0.0258106944374678 0.089102035034542 0.0665217598851249 0.0184708348749525 0.0106501128102621 0.130897541647731 0.322251932698929
0.125795063194438 0.0159831243474626 0.30914123423216 0.230955203913447 0.00785493921383404 0.0797477151683808 0.0416242811032903 0.00641238481496191 0.00390281912264505 0.126510902814853 0.230522719930278
0.141795766633366 0.0281398075750484 0.211153531769856 0.178874165087411 0.0223283047079445 0.0863338317950512 0.0724394444908527 0.0166202502205465 0.0109194207033696 0.131383908537375 0.331374592431323
0.104856581888148 0.0124229264839785 0.315901639858501 0.256230894675441 0.00589859553073655 0.0691793410329656 0.0405891064630374 0.00567314836616144 0.00339225678867906 0.136505840749923 0.235510020530228
0.0933821568075661 0.0129132368475749 0.31144005713101 0.247675535275188 0.00630410979275848 0.0710660698488291 0.0453352133418894 0.00640486544956918 0.00428874928295855 0.143915170436184 0.257218834297074
0.104155523410028 0.0126185543160264 0.321271633436894 0.26128724858632 0.00572763089215049 0.0639451537194549 0.0371748387071216 0.00586825190187513 0.0028126706826716 0.139594211939557 0.230994255639127
0.153507014885531 0.0211125168343481 0.251624806625053 0.187151445525861 0.0150715318606902 0.105754923310221 0.0553933535531336 0.0126318011325867 0.00720761745300306 0.10949990354895 0.265777760958296
0.12588395981021 0.0160709025104975 0.252908532724877 0.238700196382171 0.010969982484296 0.101111721320297 0.0487864273655158 0.0104254523240608 0.00674052220275911 0.122331215809081 0.254354704767651
0.150712058626705 0.0202061899163994 0.252960993187731 0.189999916508011 0.0145679606234333 0.11551755964505 0.0522984959542147 0.0122028045720561 0.00632867794606121 0.108751404944841 0.256035321492669
0.175436829448796 0.0248281205319504 0.212255248742099 0.164328366306274 0.02240904134535 0.124380767750081 0.0622113135737461 0.0161316449878457 0.0101625373789967 0.0939713029861479 0.276361625875451
0.129245124184221 0.0169341136411546 0.250546456588909 0.234516458993163 0.0114492280699982 0.103057526001937 0.0496491936498864 0.010823226377182 0.00686058519978539 0.118535177248451 0.254251092520618
0.124407970115239 0.0154808514029632 0.253212278082418 0.243868445294691 0.010746503832808 0.100745788314775 0.047981360289025 0.0100572023826837 0.00665588631717163 0.122126049853492 0.251538162957109
0.147166618160499 0.0204642789873809 0.259455356908748 0.187301277335209 0.0141288881464192 0.108425815698775 0.0536618561089214 0.0125980805799015 0.00668566421094874 0.110855484830144 0.263057764762971
0.137605215514259 0.0174062677596826 0.261457787182602 0.203086216469083 0.0117462054856065 0.111717017814172 0.0496371477300344 0.0103110556587497 0.005763981058705 0.118292643922035 0.256981289774594
0.151162849747233 0.0206243527565528 0.182070083666612 0.185356326676474 0.0203629492866068 0.112309973243254 0.0722729792761188 0.0141517155074742 0.0117472362882262 0.126960881687778 0.328113464623268
