0.124757761899673 0.0332128315663415 0.245087783201578 0.136722004144418 0.0326051168954973 0.107542819535705 0.0456262073131955 0.0244948456967526 0.0093910973607485 0.137071897187117 0.320071682756788
0.134076538003801 0.0354203458014042 0.234139080027494 0.125872343773984 0.0351342233569015 0.120541483866712 0.0437966874248128 0.0281645421378939 0.00940838552813607 0.128887191100926 0.314815985169703
0.162412712805296 0.0392053469231498 0.230610800788345 0.111772098649777 0.0353808431674112 0.127463640198566 0.0448046579353762 0.0255856732126286 0.00832594044401814 0.116860945541509 0.293154557467456
0.158004183195635 0.0387824468436248 0.23720823393018 0.114464227400553 0.0353544809871007 0.125440884394195 0.0433719935914802 0.0252935440882889 0.00807036018364311 0.118922791816757 0.290745543248711
0.15594943442562 0.0371534727895938 0.243346346326148 0.1192871974361 0.0338588106996509 0.121731336575184 0.0432951880813838 0.0237245148296992 0.00757133195547768 0.122638742564953 0.288673401747703
0.161010629685232 0.0376646830699678 0.238090248391706 0.113125157746708 0.0349942955243212 0.128856887827781 0.0423346644081835 0.0250491619191504 0.00783457523034435 0.11777864443775 0.286258097754284
0.161921748479025 0.0388798513318424 0.227912191352076 0.111673500977216 0.0353097548445417 0.125563049109926 0.0466022344905828 0.0256020767939156 0.00872629861893946 0.116952200544996 0.298739903905374
0.151180431456421 0.0337796745478487 0.259094815503993 0.127201671343093 0.0306987624572773 0.117031586703248 0.0424206012681268 0.0206514954862263 0.00643970286242686 0.128011599862666 0.281013057988119
0.127852007341575 0.0410261594805869 0.279141735635141 0.127613187227325 0.0396813375014534 0.104931687681056 0.0331922850868232 0.0273683913367105 0.00767955435093927 0.125572395769265 0.279753885132863
0.158900512532601 0.0388988407031797 0.233617272376583 0.113877324335862 0.0353556044262393 0.125329585422272 0.0445931224992804 0.0253458458686966 0.00831808536922324 0.118478309547604 0.294020860203263
0.157902268019119 0.0391696099474857 0.24059303356501 0.112506035835338 0.0357296403218735 0.127413680625385 0.0418711088429259 0.0257492273526687 0.00801766564139305 0.117182802768563 0.286685731685789
0.15851628404028 0.0386018345319949 0.245656898117456 0.111927255935652 0.0351263426783073 0.129820006610954 0.0425308555047603 0.0243341088445023 0.00686767313964537 0.117987891528077 0.280351378085356
0.160019003465433 0.0409832083329104 0.232971132658839 0.107176080555067 0.0373262021858522 0.128018057794093 0.0460304902202665 0.0262949946722443 0.00881617481536023 0.114004516404313 0.293506315007807
0.145255415962381 0.0427972381187453 0.254614324469745 0.113795968423101 0.0396670395145005 0.120514784873384 0.0402402101450838 0.026697429603841 0.00840222353012879 0.116794170189964 0.283355228638144
0.155974922022689 0.0395293734582592 0.24050338493768 0.111296065950604 0.0358163753946579 0.127659953956896 0.0447043810786819 0.0258815650493439 0.00823118659935865 0.116302849948252 0.289219924279215
0.150867993707246 0.038732301810696 0.241935416708818 0.111194746715941 0.0360376943096615 0.129081582213477 0.0425246420729612 0.0281352726175258 0.00864398138822564 0.116214714376143 0.292150264534159
0.148024449530187 0.0411430106222045 0.233551425032447 0.110882805223912 0.0380860129835031 0.127016466831362 0.043987759413787 0.0297701543746955 0.00962783279780749 0.115366428800182 0.301295829776385
0.154316315722579 0.0381392357250814 0.237162356702555 0.11095867881789 0.0355191906371949 0.130951653110825 0.0449331746802514 0.0271716834424727 0.00841859327470196 0.115286541787269 0.292952569283875
0.161708410614108 0.0364302632888133 0.245392040532447 0.112435320794994 0.033208179461247 0.128835857319811 0.0458010635049257 0.0236917099957734 0.0081659350106595 0.113574987817593 0.28198992798858
0.154717789734687 0.0379066114029303 0.233384849450257 0.109719821111085 0.0355107205838538 0.130928815115275 0.0459191941825469 0.0278232910573395 0.00865320503691555 0.114899316854751 0.297831392601913
0.152255430636251 0.0365152441182575 0.240752417054673 0.113742252167833 0.0346402611490025 0.129880380154487 0.0449399117493706 0.0263346562560607 0.00794565456574675 0.117921923818192 0.292214014719495
0.15551037743751 0.0316086068338215 0.265923985679385 0.121960993823599 0.0273412977849268 0.114783868309819 0.0550571172317268 0.0197681356076392 0.0107207862228157 0.10776596902191 0.282870870130939
0.159924697520034 0.0381932398601599 0.223343609564437 0.11015351152722 0.0351528945502677 0.122713662101704 0.0596557262879699 0.0224951401967635 0.011761006617872 0.11031459942616 0.310518384876179
0.161448807041548 0.0354636157314342 0.235164817595766 0.114054842045374 0.0323827587675136 0.12488009044587 0.0582164551413962 0.0199540441239331 0.00966038911269475 0.11313936167537 0.296605068372496
0.147199939460536 0.0301401280803133 0.262468612579867 0.13066538049861 0.0257955141573561 0.106513863298926 0.0599051322539608 0.0179958729359632 0.0109645576685628 0.116330408174427 0.297216561924392
0.154750875644314 0.0313618138816395 0.25101188969531 0.125194912134589 0.0273707423901135 0.113024033363457 0.0607459333609953 0.0176011934767312 0.0106019310876979 0.11451663248746 0.297285732890577
0.161763962124755 0.0365455552829136 0.223441626927498 0.11147015308445 0.0334937307742855 0.123862790074346 0.0610798703908992 0.0216576437846985 0.0109516176622092 0.111615083409117 0.309422181731751
0.160694687165793 0.0377916920817381 0.216007893862835 0.107506303429819 0.0348258264226659 0.124172460748225 0.0644125699981578 0.0228151410676753 0.0125994405630245 0.106546899683094 0.319001136288924
0.149488232137155 0.0279877413681193 0.264283304836137 0.132308885457416 0.0238679452516174 0.108232273561212 0.0607918836185513 0.0169806341391137 0.0102072230241836 0.116168438786985 0.293831617388343
0.162388862962907 0.0388302870468116 0.218555311642039 0.108771278972215 0.0357393128773078 0.125331001811707 0.0592183173889578 0.0237775150582941 0.0120384334112844 0.108488545336445 0.310383944687013
0.148974723559403 0.0274781045605571 0.261188218500834 0.131251878048527 0.0233145454589691 0.107735176519015 0.0648408488699651 0.016391867374169 0.0107058977862775 0.115575323675387 0.300057353352695
0.149923435192107 0.0309701515918873 0.244029734189601 0.11669734716734 0.027828188426259 0.105874984644117 0.071296759841693 0.0193463544849798 0.0142891175501436 0.1034347808677 0.324676158788689
0.149342968299798 0.0297629252017346 0.24683723591188 0.117915126139793 0.0265213630178898 0.105873975278434 0.0719975589241006 0.0184941224391868 0.0137590961366484 0.104410283277711 0.32374640615047
0.150039147206451 0.0306601961405494 0.241539374074398 0.117055785257305 0.0274934079840301 0.10490665265797 0.073199739118787 0.0190851087895614 0.0144357467998095 0.103301470412615 0.328305436679297
0.130090176354117 0.0249505402195358 0.289865234029002 0.149266140460061 0.0197474934175717 0.0930573034848192 0.0585278559163255 0.0168256248733758 0.0100892263704619 0.126090190625123 0.293023112034892
0.147787756266277 0.027578320259679 0.263923632262458 0.121079169274193 0.0248468407830388 0.107224323774141 0.0671057051801143 0.0166813975903411 0.0120095124762296 0.106889930399439 0.307559957380214
0.141251479224484 0.0296679961912886 0.267929614551982 0.121902049072199 0.0262268655607929 0.105347809842521 0.0629602031320983 0.0191826071745969 0.0130975051881209 0.107814446787633 0.307674185556731
0.150680673311765 0.0289115982936864 0.254355431487446 0.118938926106981 0.0257954205604883 0.107995710578183 0.0686282989812021 0.0178476859735572 0.0127852220732019 0.105442822411537 0.313322239661453
0.147789566834066 0.0276257948494644 0.265325954875554 0.121432947026514 0.0246081265408913 0.107184010276982 0.0666044551772989 0.0168145345571634 0.0119053245590036 0.107153166809373 0.306033599596527
0.149901341614392 0.0274224883738433 0.263574814061921 0.121150598244092 0.0246898852260059 0.108220843894061 0.0660103218534299 0.0164194402475676 0.0117199106209331 0.107518412692434 0.305040028585682
0.137289813468864 0.0241230118881251 0.280627579756575 0.140727767548659 0.0200066869713659 0.0989749204073395 0.0656188412174678 0.0154626710134772 0.0104202131478867 0.119193836504033 0.298250219959072
0.143390264290414 0.026443458476401 0.274401333716982 0.141468873578357 0.0219471027003157 0.0965437575871333 0.0671220635035037 0.0163191009160233 0.0122244466262034 0.110447873680148 0.295805209650397
0.146557345611825 0.0245805507469298 0.284456321398283 0.144945136134667 0.0200263572836668 0.0965904783371352 0.0640902650476864 0.0145550782188952 0.0105600173360704 0.112572684565233 0.282843810487493
0.127216346536998 0.0192635440873573 0.304145619751468 0.160065632370746 0.014851366289314 0.0894917041764076 0.0615131924267223 0.0125079870622117 0.00862350298847816 0.12939926688635 0.284965786787711
0.149641196589034 0.0286504314019813 0.265921814417802 0.137255281450384 0.0239790113239192 0.0990711134723957 0.0663778304408747 0.0176894013053559 0.0126824167505213 0.107837570483505 0.295481151344485
0.146387063137779 0.0252131083171297 0.278441243951256 0.144121795316919 0.0205623978663441 0.097955940466975 0.0654175336225847 0.0153586009229132 0.0110132339038584 0.11236604434871 0.287318450943596
0.147733171002754 0.0259157398419976 0.276955487025705 0.142667114960154 0.0212542030353179 0.0974829883176508 0.0654712382965343 0.0155387015769822 0.01131273406871 0.111095700242705 0.28799129581642
0.144465241689463 0.0263715346430254 0.273661734934743 0.140840292805195 0.0218724850097563 0.097079877290337 0.0672470152555428 0.0163975139068017 0.0121893447347339 0.110132278341465 0.295708833627481
0.147723536447676 0.0260015562916227 0.27201402829885 0.140052165420006 0.0216091686216724 0.0985319400976479 0.0674855038226312 0.0161038447818155 0.0119298817154576 0.109637579491361 0.294067604822526
0.111958898774483 0.0180751494290323 0.325929213771552 0.170792395428539 0.0135661401016267 0.0807535431398541 0.0544362988329491 0.0120110572694025 0.00820611907321996 0.137482580200097 0.278924659354913
0.147574452725772 0.0257056217346797 0.27329447886714 0.14049845165555 0.0212294355466354 0.0985691645381856 0.0673978179371815 0.0159141124367809 0.0117052360019844 0.110071614870684 0.293128394932035
0.149023224299621 0.0257837736576093 0.274148973307186 0.142445758603247 0.0211330143034214 0.0980508835343847 0.0663692995294271 0.0155780118903183 0.011439515498242 0.110786609473527 0.289414372294531
0.114033465699697 0.0171305392350727 0.328563128782397 0.174977178223048 0.0127509485871272 0.0784182050993137 0.0564855903657672 0.0108028497526625 0.00785983828863772 0.133974692499495 0.274126534373345
0.14693708395609 0.0278149408661653 0.258314098301755 0.143851376326859 0.0233911495179077 0.0938241610952806 0.0708690039191177 0.017086421618952 0.0133496487813891 0.109197439804568 0.305867189935942
0.150397618018257 0.0264164565918529 0.262005700483231 0.145818956221606 0.0217911791658218 0.0948574059074001 0.0701419484524282 0.0158669101871156 0.0122168899356105 0.110394558409392 0.298712683611829
0.145728333345392 0.0274656500103959 0.26027896429301 0.144943818812718 0.0230337077114735 0.0932586779866366 0.0706402030321671 0.0168274787620965 0.013221034045762 0.109945187345163 0.305290847840374
0.153936967668177 0.0272481768092059 0.258640771668628 0.144849237331814 0.0224667984558557 0.0962052021760286 0.0697018349491288 0.0163138058576087 0.0120377482906944 0.10964953890258 0.29665284589029
0.14688068224644 0.0259491544992119 0.263050732662928 0.146758052124662 0.0214438270517375 0.0938076404501564 0.071121044567696 0.0158347966975627 0.0124059990000209 0.110926115066858 0.302109910964862
0.110423106114748 0.0161981871468325 0.337649355050121 0.179480011667313 0.0119036631400517 0.07486618454166 0.054459072703261 0.0101243363071256 0.007382727824974 0.135588280079823 0.269479492339275
0.143902660789233 0.025858342972494 0.266205121113625 0.148260603360515 0.0212229395882382 0.0930784184897959 0.0700406557760102 0.0159250310808418 0.0122295715704709 0.112557057035892 0.301471913686099
0.144828353093665 0.0257127278637472 0.265494541195059 0.147946449230344 0.0210645524456068 0.093559121817537 0.0703089359481632 0.0158702479257281 0.012148276650929 0.112395561701518 0.30139425435404
0.144698609044226 0.0263876531279661 0.265900022378196 0.147672420866345 0.0216534260595062 0.0933405245712644 0.0692449372503886 0.0160946614706305 0.0122912632219598 0.112448331450789 0.300347343952496
0.148388304289135 0.0276885935630894 0.264137677321019 0.147721436456926 0.0225359606758414 0.0946408974762857 0.067291239296916 0.0166803269419074 0.0118033229595307 0.112314715464108 0.294887130217704
0.14138677760955 0.0265896687816874 0.269421600047065 0.148923749183604 0.0216571317648966 0.0920674359800657 0.0682250522195007 0.0162240433057729 0.0122900490252966 0.113535962834741 0.299953636633131
0.101443194858194 0.0139406347705049 0.352395334425618 0.192970973122816 0.0100087254049784 0.0674551153518113 0.0503446863961964 0.00842429577520914 0.00635617508432174 0.141152543928741 0.261786022066078
0.143671172065798 0.0280087144188903 0.271732746571437 0.145980746556138 0.0228494005314931 0.0942957031004143 0.0665774785489152 0.0168680965830033 0.0114442094688332 0.110760680792016 0.293461516755829
0.145717772398661 0.0259350662396297 0.279224737763697 0.14779336741181 0.0210278421874751 0.095879676723975 0.0660679090225532 0.0155483016335522 0.0101155418580326 0.110094587235005 0.284421537274751
0.130481730774191 0.0196979959000282 0.313896243172659 0.168212103893598 0.0149481905636499 0.084309711080585 0.0595663998520279 0.0112480577292347 0.00748266892628018 0.124040948883457 0.268454024615287
0.101193019748362 0.0134776325701879 0.355311615494597 0.198211452392389 0.00964124349028003 0.065369898810329 0.0493079216093569 0.00776607788931091 0.00575462378042522 0.141074084327167 0.256795137493854
0.151385446130363 0.0265003941261926 0.27811181311973 0.148428698488696 0.021434709879296 0.0963803251161549 0.0646553578522843 0.015322740068838 0.00970672720605066 0.109249809751185 0.277758613139568
0.0974750844152934 0.0129029762928482 0.361826998685723 0.200974364554739 0.00903607199237651 0.0632947118201218 0.0478839799747461 0.00760157727133282 0.00551507038257934 0.142661844397774 0.254489792238896
0.148332498493359 0.0286791583882192 0.274913423512527 0.146002765304879 0.0235308920072581 0.0954762461965652 0.0642770703389116 0.0168710093984941 0.0106793745789085 0.108564399337175 0.283065016097193
0.147490080816016 0.0281828005936101 0.274638594374397 0.145217511402912 0.0232178932276868 0.0958230285898148 0.0653178520669074 0.0168048093145697 0.0108863477351843 0.10794307495778 0.285430090995563
0.151653162226681 0.026395755154809 0.276800294160813 0.147218139212229 0.0213555764510069 0.0972434578311635 0.0653308783372242 0.0154177507314657 0.00980479399423368 0.108817595930305 0.279333614963298
0.151988051703221 0.0275728700213112 0.279546696895482 0.147549034623909 0.0225011257463488 0.0985702716584932 0.0629581062092491 0.0166654021885941 0.00950902375011473 0.106910394101262 0.272271949351235
0.134623669500725 0.022633829776356 0.318511832084228 0.153508352531279 0.017519787456591 0.0916750595407866 0.0570174942627418 0.0144671154623359 0.00729237316946764 0.115210015308877 0.261527469110034
0.13279585455403 0.0252611629388322 0.319595221565959 0.151913611007388 0.0197695735961217 0.0908234223472548 0.05496498091092 0.0165749331678149 0.00803689916525927 0.111984436731097 0.259841153990415
0.101106495036328 0.0141116859143885 0.363355614475034 0.194382447985057 0.00985692081816115 0.0654455175560383 0.0477913619437105 0.00845867256636278 0.00577635288771517 0.138329348613151 0.251741318214994
0.133996469106593 0.0238429554161316 0.322258805464131 0.15300355480181 0.0184588698112935 0.0911726405475447 0.0548461512819844 0.0152155016233782 0.00748607289081507 0.113338518712155 0.257266704852495
0.133759023023538 0.0241441453237973 0.32018005249055 0.151501851078067 0.0188252390855419 0.0920167751919125 0.0556020910037532 0.0156850991165682 0.0076230645713356 0.112668496398897 0.259572913806592
0.134252087339319 0.0235247923456034 0.319854960557566 0.150990907045693 0.0183362768522784 0.0927961469710599 0.0562017237321287 0.0153084059540097 0.00736362697594406 0.113103329620484 0.260244828888481
0.117007693257477 0.0229110304747925 0.351912407003837 0.164568767581223 0.0219205043002293 0.0783737994675897 0.0463594211343283 0.0123139188598317 0.00803653773815044 0.113017997700336 0.243305797914852
0.103541236396904 0.0146453941891822 0.362046711668306 0.193131325110135 0.0102632249069026 0.0663836640007017 0.0483055149636477 0.00862548636603431 0.00589760203958943 0.135547573728475 0.249988443727869
0.132955399745794 0.0220199379917259 0.335717585516634 0.154326661795025 0.018398277725771 0.0900149813414277 0.0523906306030994 0.0135125670585517 0.00757982676522061 0.109371603332991 0.246567155883618
0.131891566597317 0.0236465922057886 0.328477357223064 0.15272781489577 0.020123853814283 0.0904053154349404 0.0526382349889368 0.0150832372223422 0.00801035648272231 0.110049479808374 0.252727499828838
0.138949250489597 0.0260040204115183 0.31388166634748 0.148575366032753 0.0209663543570381 0.094469678649818 0.0553198532831582 0.0164183161652183 0.00859714613489444 0.107602198208694 0.257153663711797
0.141240383042271 0.0257953304981395 0.309023568895198 0.148178240688595 0.0203413497288348 0.0948387745460652 0.0573919665108098 0.0162178951798233 0.00813615946748831 0.109196795111918 0.260582352600897
0.143520543546465 0.0244253675179046 0.311114390353065 0.148159568154767 0.0192221429721516 0.0966989378604253 0.0569295091551109 0.0153315192670538 0.00755423816476932 0.10897625395415 0.256859049595222
0.138184094924085 0.0235075567442853 0.317720853260488 0.150240197514091 0.018313257917908 0.0945797166343056 0.0571242208330795 0.0150171302645486 0.00764530187900734 0.109526599651299 0.257454323004837
0.135528814967781 0.0220258196959669 0.336829834639831 0.152180133949498 0.0171769670051376 0.0905503373055177 0.0545721694369488 0.0140925487408758 0.00699146754750804 0.106255240100698 0.245708092436268
0.161680442244938 0.029387643762129 0.306315250542192 0.127865136939871 0.024957484119749 0.107247057378353 0.0531233341916457 0.0177986497846028 0.00846924704062384 0.0914239566480919 0.242546985012767
0.114681624022251 0.0166359202700783 0.361582966374231 0.182780249656971 0.0119934697058475 0.0709808039566499 0.0493075946467891 0.00962672316728562 0.00630097302278447 0.12301665091696 0.241344966013973
0.129071598684795 0.019722903633188 0.349884240590553 0.162917508459652 0.0148778356422406 0.08243211114819 0.0519002341895535 0.0119559124752016 0.00678192049266589 0.111838694172678 0.241093801841383
0.132446822248939 0.0343701157714416 0.338369342324704 0.142227406681613 0.0349006817332527 0.082073818037331 0.0438439868748745 0.0172133428253347 0.00935947128461089 0.0966872500368489 0.235611813202719
0.154750579691827 0.0237556576118974 0.33562351154852 0.13125041745345 0.0205663058547345 0.100281224651929 0.0561871900653248 0.0118204214901876 0.0079343190851938 0.0932904748089646 0.233772303187641
0.109041288002906 0.024431719575659 0.367267743018419 0.123382038650024 0.0237529177394623 0.0919945034394965 0.0393218821044274 0.0158327665767235 0.00768490046764419 0.122074947636237 0.260129789574035
0.141656996454646 0.0202569852362158 0.344051115430153 0.108009826867278 0.0189455098224862 0.116050910375305 0.0432642283691743 0.0132437633920532 0.00733174491878798 0.110727218733645 0.251028655813916
0.13086362272468 0.0202752874879533 0.357892547670792 0.156004095809906 0.0152765324246527 0.0809391351382838 0.04722138188327 0.0117593420299034 0.0067126954818301 0.115953487258337 0.238748778743733
0.1627013459203 0.0289625751392379 0.27981951797111 0.116425729549667 0.0256562207053208 0.11757585560213 0.0563153827860074 0.0161533206144889 0.00987595479512151 0.100718562702416 0.268858755112235
0.122266721077031 0.0188436007408097 0.35385186921232 0.181984362704562 0.0133979932547004 0.0712916122020524 0.0447603931951794 0.0099910143622296 0.00698362106185338 0.125376282360848 0.238363840808525
0.178694729333862 0.0362987614423446 0.220197715004435 0.149872371573893 0.030380322121021 0.0965513062099596 0.0708400573756468 0.0127897780035586 0.0116012000898052 0.101418228211192 0.288004794314484
0.165080863177473 0.0363709923130306 0.242257335498791 0.161268826779206 0.0338442979916351 0.0855277549665875 0.059027809718237 0.012468666948482 0.010992267835557 0.109550581728345 0.275649929273276
0.163477023017638 0.0369533048278925 0.24338901931347 0.162330512420755 0.0338384879867928 0.0832366236458885 0.0590908528287356 0.012506997645822 0.0112818518531948 0.110028168025589 0.276775028787563
0.178378098923564 0.0384490888199644 0.21379126110925 0.147206658787743 0.0323751920377642 0.0960484566008617 0.0718850277273008 0.01442102624117 0.0127071897294981 0.0993095320395392 0.293751243720854
0.119946239218867 0.0186566412288225 0.35502082262073 0.186298882481759 0.013288608484688 0.0696096652055487 0.0434771617767429 0.00987963362926997 0.00683096141299029 0.12702019333843 0.237179140759585
0.155744760576439 0.0352642359231784 0.253727614437636 0.176895365685452 0.0347642063122375 0.0720247062109454 0.0557849170745067 0.0118491682850137 0.010813264423262 0.111833718002373 0.271579110854112
0.145354122506548 0.0258628184085981 0.291945038315043 0.176514723304363 0.0200951824033696 0.0793316881634548 0.0565967849870726 0.010340033289718 0.00883080518466422 0.117960129135232 0.260896426898623
0.151785982046646 0.0289432222980536 0.269979877910699 0.173324195309245 0.0222119056501631 0.0847854771731041 0.0626236461659489 0.0121706962499472 0.00963572354963095 0.112064434949039 0.26896933961209
0.170651184169583 0.0366321627733472 0.205195689974894 0.185486959059054 0.0299503796539964 0.0848868070282656 0.0776403858329113 0.0138558873413743 0.0142684976880671 0.099531915195772 0.287196817340859
0.158272713100682 0.0320674059325763 0.232497590700883 0.199076541071819 0.0289592468094669 0.079658674830982 0.065782924791852 0.0112723820816203 0.0115884797096733 0.107828141732341 0.269467827553591
0.111387476056244 0.0159165016181061 0.367163781700648 0.195263872931577 0.0107176025031495 0.066311792760945 0.0400640987496877 0.00921626348006431 0.00576457392318103 0.132617332110189 0.23323897242933
0.165359785538331 0.0332322424555957 0.222715113873681 0.186766999684742 0.0263824669576961 0.0863160811336491 0.0735578785745678 0.0129751175993621 0.0123249999082615 0.103482565061449 0.279227310356304
0.178469418498918 0.0347396487538918 0.200543576707473 0.184713884089123 0.0284151044236121 0.08814393674834 0.0810153126631458 0.0127351567338789 0.0133621890575594 0.097775887388398 0.284974430778641
0.171797012068023 0.0316641076285162 0.220098336834689 0.189386992932555 0.0283274633679328 0.0882168196650488 0.0711497929552004 0.0113604340290944 0.0112900980959039 0.102858975859874 0.270509267503236
0.174780512480376 0.0344863767381606 0.208298869783294 0.184067967818326 0.0291192085259226 0.0892303583999918 0.0763219860296234 0.0130652651494978 0.0129651524249748 0.0987503338674206 0.28001670625393
0.148215558338002 0.0333596742981594 0.238473917108778 0.214136534937455 0.0322632018537743 0.0676852299172606 0.0610965498634723 0.0117879821661913 0.0118263938468266 0.10972766952638 0.265865883546571
0.106838417963535 0.0159755672575859 0.373918593427274 0.196450855841201 0.0107468210736335 0.0643297818404631 0.0380031568799681 0.00950273361880864 0.00579217146783069 0.133880362183218 0.231739962596308
0.121036258383824 0.0188016062941078 0.344044114359835 0.193612627571035 0.0132422150398039 0.0698639765827458 0.0447192186043914 0.0101125677654669 0.00690537748015066 0.127445508812081 0.239399201768646
0.100055601876361 0.0145268017652413 0.399481462240242 0.194019029392706 0.00974048943663126 0.0591220758645068 0.0318426823339596 0.00859043351715997 0.0045574540426392 0.138614064259081 0.223054539424313
0.103827950482669 0.0148276514147461 0.393719594783758 0.19130075596215 0.00991045484358162 0.0604221960482068 0.0330898236266853 0.00857405491959704 0.00466653161797873 0.13874973173573 0.225991396464888
0.143366404026861 0.0248453068597721 0.293005307921665 0.185898657585445 0.0180114255111607 0.0807676040636085 0.058715005129213 0.00987461926021879 0.00900938975828032 0.115211551860018 0.254105294031488
0.165524690412195 0.0325077555772435 0.245338776326369 0.169072140231223 0.0246767758292553 0.0933142874331146 0.0670211358744416 0.0135822117800553 0.0107166324348285 0.104961509689361 0.269565574190599
0.110102114143333 0.0158894019112684 0.380091591077835 0.190581000890112 0.0109016033465128 0.063583729266132 0.0363375146957492 0.00868319269689763 0.00508600881684405 0.1352139958507 0.228850559364807
0.0932094767496168 0.0136627991500625 0.415368181803265 0.195646008097909 0.00945759516873044 0.0540445948036681 0.029731108789656 0.00761628806335518 0.00414722208574075 0.14019705790299 0.218611344226745
0.152195462253561 0.0262331982487784 0.287112562212319 0.153270380601195 0.0194074355541444 0.0913754191334911 0.0551652231202858 0.0138632851232726 0.00769530276026039 0.122494866277135 0.270405541996509
0.0824946869251093 0.0118456069763968 0.442249024322733 0.192402800749101 0.00796206089900301 0.0485797022687683 0.0246238105191723 0.00683941042061455 0.00314303972674943 0.147450662618443 0.214466117858887
0.139961778622414 0.0277679703056329 0.302799031803336 0.155116286137979 0.0207094380236476 0.0832785551228839 0.0498158592192145 0.0150457296483152 0.00849271679274606 0.125658661882196 0.270366939984109
0.146968914363032 0.0273566995351151 0.290236417777698 0.151875628713528 0.020403478514168 0.0888116363545677 0.0532891006998386 0.0150593537796645 0.00815092023011811 0.124485065977098 0.274347224741891
0.143742098545588 0.0274314155623247 0.301515204530622 0.153369364781469 0.0205346984005447 0.0857835003404518 0.049528008307298 0.0150493210987827 0.00805039488981173 0.124492756252853 0.267623717839
0.146479181638128 0.0251725051662381 0.297913640629764 0.154913983812182 0.018714379749622 0.0878128831274972 0.0521751348297651 0.0132738951968587 0.00764918715142533 0.126053307386836 0.268993425876571
0.116903033134123 0.0261100478694161 0.320828837585513 0.17745276236463 0.0228936711703626 0.067481377121437 0.047487911321494 0.0106601945997756 0.00763630258509813 0.135813504508995 0.268330270754519
0.091474159488135 0.0131497387017016 0.420468015592578 0.187243214403131 0.0090818852252852 0.0547605334521184 0.0298138159713097 0.00731728068007463 0.00387165676552783 0.144512722358681 0.223822453137051
0.134312585237606 0.0233141077642612 0.317466035801979 0.165164107296888 0.019355127986924 0.0803178572567949 0.04750377953337 0.0110759468271529 0.00737693189861093 0.129105224997936 0.260070178655546
0.0739371425405083 0.010460828683644 0.449181223677543 0.199848598676059 0.00705173292877507 0.0441781467989724 0.0239645292389461 0.00595903569966044 0.0028868808495971 0.152004023769415 0.215342326694497
0.0860585668895726 0.0124285886875969 0.429012335688983 0.186972740697189 0.00813662042179675 0.0514489182151057 0.0279910808584876 0.00684033358272933 0.00365068730865198 0.151202696462619 0.225942229399756
0.0656935510604724 0.00953148464631721 0.463369133360476 0.20642566282116 0.00642098054681718 0.0391014298095704 0.0209145576297989 0.00556821039508084 0.00245570867297783 0.153582344421654 0.209457757755187
0.125587707088968 0.0199257215121989 0.358848182050233 0.160305226260241 0.0146216751720761 0.076781923496745 0.045614976441395 0.0115139146224546 0.00698379289146464 0.123424806838353 0.243929564419537
0.111365781441059 0.017146607196845 0.370904851363977 0.188225552139439 0.0116190745454507 0.0666822559293004 0.0405350938499368 0.00992679315205226 0.00659176913060337 0.129517635733265 0.234055877383929
0.119893534841295 0.019186627439671 0.368555298645047 0.164927091136356 0.013745666780541 0.0736710118707343 0.0436444224476893 0.0112046956383769 0.00628961628675406 0.125018371164425 0.240020769286356
0.138343570877852 0.02262636503845 0.341379830265049 0.149424056746945 0.0177167684284575 0.0906314556460379 0.0526798734014744 0.0142703881832515 0.00707892683132401 0.103432609386559 0.239877952997207
0.112785738221262 0.0172375055523097 0.370288946744335 0.185606850457091 0.0116382389411651 0.0674965348645207 0.0412781840555655 0.00996606620618134 0.00673390978464457 0.128552767170107 0.234946185219319
0.109457418767067 0.0168718088385803 0.373679558667577 0.189046007575355 0.0113535699259159 0.0658815060520411 0.0398812985788628 0.00989372076497842 0.00652199010409741 0.130367133583045 0.233710130173463
0.120140179979677 0.0197136065087448 0.362066821439998 0.161312875704183 0.0142032057305758 0.0753693136984899 0.0442798483699457 0.011913311143489 0.00675509461549668 0.127885094987146 0.247193996938332
0.111987479190651 0.0182724445687658 0.374871818383686 0.171314446180821 0.0126616696606494 0.0692351087410693 0.0412557714375741 0.0108160234743802 0.00600686204204691 0.131906126515437 0.241657033274358
0.129641688754 0.0249252377803505 0.290472089381188 0.15013998971733 0.0196512444214499 0.0925746244422607 0.0581339516271842 0.0168755884034398 0.0100814041499424 0.126466777497067 0.292595125503421
