2.690418005 10.0085401535 3.960914135 4.7010259628 0.1839971244 -0.0003300464 852.6730957031 243.8142089844 2.8756644726 -0.1200638786 185.5580291748 68.9988937378 2.3654258251 0.6639342904 268.2641296387 48.7120285034 2.2647337914 0.6658076048 173.912979126 48.4961013794 2.3253104687 0.6609755754 104.1978149414 53.4446334839 3.0263705254 0.6124508977 0.650792092075
2.690418005 10.0085401535 3.9571208954 4.7010259628 0.2400695533 -0.0001049151 859.1120605469 232.5070800781 2.8829553127 -0.0679481477 190.8542938232 68.8259963989 2.3990786076 0.6628237367 269.8564453125 49.5590400696 2.2852864265 0.6660240889 175.7165679932 50.794002533 2.3621230125 0.6608954668 106.4466247559 55.3721733093 3.0456240177 0.6061902046 0.64898337425
2.2844586372 10.0001859665 2.9187612534 4.7234749794 0.1814141423 -0.0007765001 881.5423583984 319.049407959 2.9150884151 -0.0716797784 186.1881103516 77.6402664185 2.2633359432 0.6584281325 274.8066711426 57.5376091003 2.2438673973 0.6619467735 180.0378875732 48.9102592468 2.3029010296 0.6587962508 104.0377731323 48.0846977234 2.955914259 0.6155223846 0.64867338535
2.294472456 10 3.89057374 4.6787495613 0.1814141423 -0.0019266123 884.2192993164 253.0431671143 2.9119226933 -0.0657162964 190.975402832 70.2768249512 2.3673183918 0.6566114426 285.2641906738 50.6770019531 2.2505664825 0.6590148211 185.1735534668 45.9883232117 2.3023343086 0.6545494795 108.8611679077 52.7902832031 3.0602278709 0.6064363718 0.64415302875
13.2472906113 10 4.0163097382 4.7012109756 0.1814141423 -0.0019266123 883.2612915039 224.5995178223 2.8969380856 -0.0550451614 189.9214477539 69.292175293 2.3803970814 0.5969152451 285.5061035156 47.7107658386 2.3105823994 0.5943962336 185.1380615234 48.3393745422 2.3684802055 0.5819629431 109.5683441162 55.0571937561 3.1332631111 0.5185261965 0.572950154575
3.1774673462 12.1418352127 2.9315121174 4.5945091248 0.2972674966 -0.3190461099 1020.7340087891 330.8571472168 3.0713064671 0.1614710242 193.2414550781 76.5480117798 2.3646872044 0.5425415635 337.590637207 64.0016326904 2.3232495785 0.5508717299 229.335144043 63.5426712036 2.4046840668 0.554754138 113.2715072632 45.4733047485 3.289680481 0.5269619823 0.543782353425
4.0421457291 12.1324386597 4.0128645897 4.5834712982 0.3357844949 -1.5349713564 1026.8751220703 236.2278442383 3.0312478542 0.1491924822 193.3363800049 73.7147750854 2.4579465389 0.5371485353 348.9628295898 49.7245101929 2.312772274 0.5426810384 235.1587677002 49.3479766846 2.449244976 0.5427213907 116.762046814 51.5216140747 3.4530339241 0.5029208064 0.5313679427
3.6352369785 10 4.0163097382 4.7331194878 0.1433865875 -0.0846548378 939.841003418 268.8815307617 2.9348955154 -0.0664266348 197.2996063232 70.959815979 2.3332073689 0.6213515401 314.2686462402 52.886505127 2.2551944256 0.6246766448 210.3412322998 45.6337585449 2.3226971626 0.6208561659 111.6009674072 49.6402359009 3.1851723194 0.5774502754 0.61108365655
2.9436104298 10.7688789368 3.9610273838 4.5943851471 0.1668138951 -0.4227052331 973.2047119141 270.0165100098 2.9815022945 0.0201693848 196.8553314209 70.1144485474 2.3735949993 0.5850250125 331.8455810547 51.8454399109 2.2732236385 0.5910147429 224.9685668945 48.1105728149 2.3644547462 0.5920594335 112.6894989014 48.6829032898 3.2890529633 0.5584607124 0.581639975325
2.9538679123 10.5596294403 2.8047943115 4.3837409019 0.5454316735 -0.00188995 1016.08203125 279.4413452148 3.0172262192 0.1995718628 213.5883636475 79.1735687256 2.3934190273 0.5757841468 327.8794555664 57.6810073853 2.2838232517 0.5791424513 216.962310791 50.5607261658 2.3533115387 0.5768796802 118.027053833 52.7281723022 3.1873164177 0.5371770859 0.56724584105
