12.17331505 0.44534674 10.29831314 0.07682551 0.20432653 0.73409456 1504.94812012 957.10681152 3.27878952 -196.62539673 252.07489014 152.34355164 2.23653388 0.59401971 439.99554443 190.97647095 2.51631212 0.56108952 375.03866577 222.01863098 2.68505478 0.53401405 150.423172 67.13472748 3.09453702 0.43061787 0.5299352875
17.04855919 0.37228855 12.51538849 0.22496793 0.21954735 0.79866427 1567.06750488 1030.53625488 3.27857447 -202.11521912 233.87432861 156.86819458 2.18186402 0.58894509 459.33651733 210.59098816 2.59680676 0.55750066 406.68582153 244.68380737 2.70646763 0.53227651 158.78359985 72.44142151 3.15613437 0.42784292 0.526641295
6.6940527 0.39340186 13.08075237 0.09790813 0.23074342 0.72555768 1491.44250488 1118.74230957 3.24113822 -251.09701538 223.65000916 172.63801575 2.11813855 0.57545972 428.86621094 234.00271606 2.53353357 0.54669011 376.37744141 266.54003906 2.65890431 0.53068072 146.47958374 82.05970764 2.95679045 0.43209863 0.521232295
6.6940527 0.39340186 13.08075237 0.09790813 0.23198125 0.72555768 1494.5723877 1124.0703125 3.24107909 -251.14028931 223.87101746 173.47831726 2.1166389 0.57495242 429.85247803 235.39096069 2.53464007 0.546166 377.51681519 268.03588867 2.65901852 0.53019589 146.82376099 82.58177185 2.95475817 0.43178335 0.520774415
12.32657719 3.01368141 18.91962624 0.09534837 0.40586048 0.69461685 1598.46105957 1367.86633301 3.17367554 -8.6030426 202.12518311 226.65126038 1.82215881 0.44745946 467.5171814 335.51757812 2.56046176 0.44402248 433.51101685 377.18685913 2.54703951 0.44317526 159.05770874 120.87236023 2.74945784 0.43420118 0.442214595
17.58037758 0.4662745 43.89819717 0.21092127 0.2 0.44355524 1304.13684082 888.83551025 3.12899852 -172.24890137 133.86027527 102.31148529 1.86516845 0.55177861 331.11779785 164.61705017 2.62086225 0.51723754 310.16040039 199.44317627 2.63396072 0.48602641 111.62776947 55.76233673 3.01505542 0.3891598 0.48605059
8.61196995 0.51968855 194.1999054 0.03108617 0.2 0.2 1285.21032715 969.87225342 2.95346141 -191.32823181 127.84407806 113.60638428 1.5059514 0.52933991 313.62924194 186.43171692 2.62440825 0.49402088 303.26858521 221.45533752 2.50549054 0.46349189 100.99945068 59.17873001 2.55836248 0.37794837 0.4662002625
6.67666292 3.18208551 105.42778015 0.1865208 0.32608384 0.63608891 1549.1394043 1321.17138672 2.95302796 -6.83451509 167.05735779 197.2618866 1.5030632 0.44731227 420.42315674 316.00918579 2.678931 0.4435164 422.02352905 370.93377686 2.48507929 0.44080058 145.5403595 114.05739594 2.44482827 0.44382063 0.44386247
12.35896397 3.09777188 10.07626724 0.25436518 0.33046716 0.79811698 1800.57141113 1254.63684082 3.36377025 -5.30953836 276.53494263 216.31974792 2.17300487 0.47973454 551.17095947 303.99667358 2.65538049 0.47217679 493.71148682 341.48416138 2.70468426 0.46286845 189.71759033 108.37509155 3.07793784 0.44731277 0.4655231375
17.42824364 0.39922664 106.88885498 0.16298267 0.20018589 0.42903203 1296.53845215 905.23754883 3.02073383 -192.21263123 131.35017395 104.63095856 1.61758983 0.5588879 320.06283569 164.99255371 2.62915659 0.52617085 306.75463867 199.76145935 2.56775427 0.4978148 106.60579681 53.96595001 2.7921412 0.39919582 0.4955173425
