20 10 5e-04 1.113e-05 0.005 0.95573783 850.17047119 334.01495361 2.84967375 -0.23196627 213.84895325 99.35865021 2.12533689 0.58577824 279.06002808 85.89080811 2.35849762 0.58129883 187.93151855 63.27326202 2.44452929 0.56743604 110.04916382 44.8943367 2.8550117 0.51018858 0.5611754225
8.09021854 29.43177032 5e-04 0.00298224 0.00450478 0.96354938 724.20166016 274.50460815 2.6691699 -0.47540343 121.77728271 66.87950897 1.90331209 0.55738646 225.51269531 68.13699341 2.13879967 0.55814487 177.83432007 56.96475601 2.10906863 0.55553788 86.43929291 44.09679794 3.0377996 0.50997788 0.5452617725
9.94322395 10 5e-04 0.00248764 0.00399812 0.96001357 883.75286865 324.32376099 2.79067826 -0.59010583 201.47831726 93.10613251 2.09375262 0.55636424 292.56668091 82.57935333 2.10533285 0.55690277 232.85333252 71.38891602 2.1629281 0.55361766 109.90922546 44.32827759 3.03791595 0.50541562 0.5430750725
19.32668686 34.76726151 0.05170925 0.0016917 0.00490809 0.97845 892.78131104 475.60946655 2.85181189 -0.32922056 122.11623383 86.17984009 1.78147733 0.56448227 249.08706665 97.76828766 2.31901908 0.55905801 209.10574341 106.15458679 2.27724147 0.54846132 87.82285309 40.61782455 2.95457172 0.4997724 0.5429435
9.96303654 139.21954346 0.23405723 1.203e-05 0.00476305 0.98099792 1554.44445801 1323.14929199 2.74755883 -6.00132418 178.26829529 217.50370789 1.65816486 0.47673669 415.58563232 316.54315186 2.53216314 0.4671959 405.21331787 355.76409912 2.30547571 0.45861831 144.99494934 112.95236969 2.14573479 0.45317346 0.46393109
4.99861908 41.28489685 5e-04 1e-08 0.005 1 639.24145508 443.20703125 2.45773864 -1.33733904 106.83914948 90.96482086 1.72619486 0.4801321 157.17607117 93.25894928 2.34512997 0.47875652 104.09637451 73.56341553 2.30525637 0.47622871 70.84919739 47.64262009 2.43037486 0.46472335 0.47496017
3.77210116 22.86648369 0.01984134 0.00245133 0.0036118 0.94942546 763.79516602 392.09640503 2.73521447 -0.86483282 126.09059906 82.81576538 1.80980837 0.47647145 230.01249695 83.97089386 2.07360506 0.48131704 185.960495 82.23512268 2.09451556 0.48658049 84.03199768 41.2858696 2.89664006 0.45103064 0.473849905
16.69058418 137.08015442 5e-04 0.003 0.005 0.93134981 741.13500977 311.97808838 2.54809332 -0.45148322 114.46755981 93.29516602 1.58280468 0.51605934 218.50549316 83.86723328 2.21720386 0.51374441 172.05744934 67.1411972 2.05776381 0.50328749 79.32273865 46.895401 2.84137034 0.4531557 0.496561735
11.3329649 134.43193054 0.13594843 0.00239307 0.00482957 0.95042592 1380.14111328 958.36071777 2.83755469 -2.33844662 160.05036926 152.36920166 1.60482836 0.52477777 352.16091919 208.66067505 2.45373774 0.51534581 331.79898071 234.91072083 2.28575206 0.50102705 121.02419281 68.70798492 2.76523256 0.47800827 0.504789725
9.36662197 80.69721222 5e-04 0.003 0.005 1 719.25561523 311.73083496 2.54039288 -0.83572733 109.43431854 89.23986816 1.56149089 0.49997592 207.58683777 85.06526947 2.14784098 0.49964672 174.36993408 75.0916214 1.99714828 0.49291211 79.28834534 50.21266556 2.79952908 0.45256209 0.48627421
