0.191531400923534 0.0310280514385336 0.152007873241406 0.100082621839071 0.0342224712871856 0.144124197000842 0.080583650683367 0.0253868968438261 0.012135802816855 0.0908438406409381 0.347003384269428
0.193510387916497 0.0322116887323783 0.158883049314232 0.0951849526257622 0.0349454563624322 0.151581077251835 0.0740173779891345 0.0265342641925994 0.0133052177388512 0.0855583584237192 0.333683387796863
0.199782887739046 0.0306626590468254 0.164201516721344 0.0937226624668737 0.0357480052761854 0.156245820139255 0.0765682527775526 0.0272830223061951 0.0115684657550774 0.078661056681446 0.319636448610468
0.19888372844386 0.0315646512164698 0.163912190912743 0.0936998035500391 0.0360016245547421 0.154906938737034 0.0761228961394625 0.0274649222267056 0.0122293516219627 0.0781806653521654 0.32103106258511
0.203536354019296 0.0288847950494221 0.170349164012074 0.0959518621558002 0.0331345754129091 0.1593866874729 0.0753791911271363 0.0252246809770913 0.0104780054934526 0.0797041423501614 0.308756561877596
0.199983627611236 0.032209323372483 0.162060070913983 0.093037453711959 0.0359459961771727 0.155153579886089 0.0763562253122694 0.0283499552500635 0.0122287744540536 0.0775208748602932 0.321609948327078
0.197645174122379 0.0291857555851235 0.164573533258534 0.0958541634828518 0.0347690996899904 0.153786708124894 0.0789215707197533 0.0254811127528673 0.0113746302766498 0.0808137501086129 0.324185565736227
0.212768066322763 0.0228667144322973 0.17049572286758 0.104780298868606 0.0283229000341018 0.159608279598099 0.074373944175751 0.0189549557482143 0.00804845825745976 0.0903397632588052 0.301158017876556
0.197416201562552 0.0341841122254881 0.157414836899741 0.0920529995705184 0.0390738618257782 0.156781144178931 0.072558104679245 0.0310777718677384 0.011942174502842 0.0794472556091997 0.323076843736989
0.197937132307534 0.0306086902497853 0.164119225882757 0.0949412969315953 0.0356772352304223 0.15518217305786 0.0770465415745729 0.0267149347842872 0.0117944272550595 0.0794206350759512 0.321534246340046
0.203018169838302 0.0328269927024841 0.161536340182901 0.0911356025014885 0.0361645055948872 0.156646696505993 0.075574864372951 0.0288745005454153 0.011965505126613 0.0766397588055383 0.318671692673944
0.2036542317297 0.0334803767372892 0.160770053348888 0.0895492976262919 0.0384358351993692 0.155363738670918 0.075772100237184 0.0288929769092787 0.0126235689477776 0.073050449611333 0.318746466687542
0.199362316129758 0.0327384335506869 0.163001630119953 0.089832046183601 0.037929109575547 0.156107592654162 0.0772585856496375 0.0279871227235013 0.013007899523282 0.0721098282058889 0.321028871786292
0.199895092645354 0.0345226753276695 0.162960088050576 0.0877208755559188 0.0386034361295568 0.159869265939104 0.0741933288478348 0.0302730698657302 0.0129151583924939 0.0708283658644249 0.316428566351822
0.197887335805421 0.0313460651090319 0.166009659248847 0.0904443904603585 0.0364974603783244 0.158646700732094 0.0770346873058695 0.0268667847419372 0.0132075150643978 0.0725722915301421 0.319168388265922
0.199439300103446 0.031331901422374 0.170778512301278 0.0874680528823589 0.0355688073955972 0.163902464320333 0.0742364477102283 0.0260480709148885 0.0127846012649609 0.0727157789505826 0.311510961574615
0.199267998601232 0.0318119511813312 0.169817696355831 0.0872652075541829 0.0355603443651027 0.162900775628378 0.0745818968713191 0.0263887312330485 0.0130073842074588 0.0726240536928208 0.313376026313942
0.198843237319558 0.0313716037388608 0.168870268671515 0.0887715120081554 0.0356171144180226 0.161714060127063 0.075746183323261 0.0261703161759967 0.013020402880384 0.0729027488905442 0.314812203716825
0.20161395429048 0.0271995403620388 0.167576018202643 0.0973492068796961 0.0310653016556498 0.161881041550851 0.0802786817113899 0.0223448060419692 0.0115099298095522 0.0745717352626916 0.31331493705864
0.198711504020369 0.0313228029332981 0.169234460690073 0.0884135218468313 0.0355747754117665 0.161802904650883 0.0757770870681021 0.0257186690890093 0.0125501415338522 0.0740658846349047 0.314940030446779
0.205425545903758 0.0291705016984424 0.174392207396943 0.0890570553298518 0.033942502026564 0.166527452232513 0.0740228679696616 0.0243388271019852 0.0113087914011363 0.0734325901372665 0.301484735411926
0.195951615866444 0.0247362398646299 0.164677123768068 0.11499717299192 0.0270479283169121 0.155360768767121 0.0846024009466831 0.0207236214778895 0.0110294734969827 0.079734392459858 0.317229150424906
0.189051149958268 0.0308993956467173 0.149491282625744 0.101978166287621 0.0334282989605651 0.152422856131134 0.0871868223808681 0.0267214922527912 0.0156462008495218 0.0738417607404719 0.342728850389951
0.189757816545784 0.0306250231735249 0.149441130494849 0.102169777413608 0.0331773404630755 0.152593807567953 0.0871624508730575 0.0263841982562994 0.0155289627706788 0.0742440995280613 0.342235104341205
0.199450259335929 0.0226723494985409 0.155651371406849 0.120552890220275 0.024687730113695 0.149734325917006 0.0905307978362259 0.0176881416727225 0.0117251131251075 0.0827836382704389 0.327251073507707
0.195740974490318 0.0231284909980409 0.151783014270324 0.116800628540282 0.0260198628531104 0.147068992257117 0.0925512065568151 0.018411168318446 0.0126918125261393 0.0833756327872128 0.339458036590809
0.189747567686925 0.0302284393146882 0.149606682300211 0.102293152598814 0.0326925007895064 0.153175413317816 0.0875421584985843 0.0259637085080954 0.0154173014330674 0.0748408481700696 0.342256243992039
0.193640182307724 0.0279015785237166 0.152872474640677 0.10136589973591 0.030772524683731 0.154061943263679 0.088131849302885 0.024551571653983 0.01503618271359 0.0749357152944957 0.339385396844562
0.199845906566656 0.0222165423966188 0.156448171504099 0.120312536510172 0.0244476012111631 0.149743439970376 0.0900337271956466 0.0173307649998883 0.0116194381939849 0.084589753585654 0.326985801840915
0.186968539079209 0.0332679356227033 0.149645568824129 0.10060448191419 0.0343049243094174 0.152695462367946 0.0875549496290535 0.0286942857820994 0.0156918839263237 0.0724968971413186 0.342513087882407
0.188916086401048 0.0223779935745289 0.144458663964439 0.127977070111145 0.0244226070810253 0.139256940442375 0.0977300799762599 0.0169714895340603 0.0133621000034168 0.0892380526400964 0.352590638425439
0.186588369662869 0.0259781757725784 0.138039301737735 0.123371865739065 0.0276316645294949 0.13652598892308 0.0981651042716226 0.0209723068138476 0.0161540575063543 0.0843713311765345 0.361864633635179
0.188813079460138 0.0254628067913898 0.138726112322954 0.121239348326536 0.0270149486213445 0.137229420460839 0.0978504229667418 0.0206943681543155 0.016136066514471 0.0845210223792101 0.361514284016801
0.188593442551454 0.025622270598333 0.138113759417929 0.12018010978759 0.0272427078849462 0.136887153987758 0.097423307745814 0.0208726746784662 0.0163757317907369 0.0847546101905661 0.363360555771991
0.172881299465566 0.0213203607354587 0.154133898105048 0.159657666205691 0.0206472495923503 0.139146764936285 0.0842256077542744 0.0164347591829984 0.0101532993463618 0.108618299167543 0.332212760959601
0.190801967144241 0.0252505892101964 0.140160006560064 0.122697778498956 0.0269228864436983 0.138206426302599 0.0982170795471083 0.0202469013081375 0.0156266470196857 0.0835433133065122 0.355960345840244
0.183558928213174 0.0288123360507405 0.144069832031222 0.120340114240033 0.0313767124966626 0.134892017670456 0.0956035347056579 0.0240986172900653 0.0172889817479451 0.0785330019894392 0.356950059297712
0.186224750957495 0.0267147052960961 0.138403956395892 0.125128583597588 0.0285598067935968 0.136207141832229 0.0976328997943655 0.0212940136872797 0.0162228557732403 0.0830039326442123 0.358761055127101
0.18688437671679 0.0260566115629981 0.139420953362111 0.124807538984461 0.0269131886926243 0.136853557680584 0.0989497673384886 0.0205917992167717 0.0157260783775444 0.0845251018604666 0.359063773000433
0.188388135900551 0.0260012147662127 0.137991644922853 0.124643044888341 0.0278509465741861 0.137829236568027 0.0979435921706263 0.0206247540900079 0.0158807403568366 0.0836707242036925 0.357295776379831
0.183574731086868 0.0212839384055654 0.147732529665061 0.152928030643293 0.021124971655782 0.133982542162459 0.0972150933796754 0.0158013434364979 0.0109769262680116 0.094102877451725 0.339373256380972
0.182201375087258 0.0274196122448523 0.14166610656995 0.150560063862815 0.0257487771634271 0.132939705848346 0.0926250606098691 0.021936573455721 0.0106494863396266 0.0931929897920994 0.339464359223352
0.178963394889845 0.0275073908087981 0.144396045208262 0.153797180332865 0.0265852674676182 0.133133112848611 0.090271136730177 0.0217879631848398 0.0110214422797598 0.0929409282252913 0.335617608444001
0.1710539069899 0.0193468882040824 0.160428213701421 0.18673988542372 0.0188192365983772 0.129429770156216 0.0804273787215536 0.0160535770145177 0.00646471353164996 0.113118249514463 0.314182098926284
0.176928940771098 0.0277330505625512 0.145569974183717 0.152760222603537 0.0269958582685443 0.131477169236599 0.0898353675672486 0.0221161899214544 0.011477913887519 0.0926474587414737 0.338534784373953
0.175681231563119 0.0245420991712025 0.149124663236464 0.159047912447545 0.025040869864166 0.130130533997718 0.0905706603454869 0.0193196455862292 0.0114975852835235 0.0964363665014906 0.336432689719784
0.177506161247142 0.0280168953200831 0.145582239110892 0.15497009421849 0.0270573944484075 0.131659976642605 0.0891531882367955 0.0219212266474936 0.0113595745442425 0.0926863019491402 0.335207239012381
0.182506727944104 0.0269511494569569 0.141851252664151 0.15013268800098 0.0252753088107101 0.133323531533284 0.0929906463589242 0.0216657363360974 0.0105385557572146 0.0936313264165294 0.339959341589813
0.180251028970006 0.0258616283913027 0.143193663627876 0.149330047667932 0.0250404726566174 0.133795894840382 0.0928071634316242 0.0210578535225183 0.0107208848510033 0.0949149808967994 0.342527263845884
0.157558972411634 0.0149666499744115 0.170631352927033 0.210956242465742 0.0133298873687484 0.133326076063193 0.0656641625894807 0.0133773720009683 0.0035524922961115 0.129870361956809 0.29923081878924
0.180144925279324 0.0258777370388041 0.143274242795077 0.149362320516206 0.0250652872609705 0.133835436154513 0.0927253620289022 0.0210639935626598 0.010731331541564 0.0949034842866357 0.342440050955104
0.17696830737924 0.0269173881507794 0.144670134490927 0.156027673675135 0.0260717402778785 0.131987152278161 0.0903720094771947 0.021036556709255 0.0110700685294302 0.094173055685013 0.33735760374788
0.15447549060135 0.0139751935838465 0.173431304917562 0.234477176083009 0.0128223169845205 0.127591281003101 0.0681857516249695 0.0107938638079893 0.00401240921773387 0.116881464485481 0.283227236826609
0.178067666587571 0.0287245577957004 0.132936678984454 0.167881088407067 0.0265965175847723 0.12046141717178 0.102169961434074 0.0192164145016999 0.0132392689984194 0.0886935721437302 0.345332073468655
0.175338217947976 0.0290419328644585 0.137054392656161 0.169499154812783 0.0267606394406402 0.119965746453877 0.0997140868776067 0.0201604936597285 0.0132512044158886 0.0879916323079389 0.342339915824104
0.1790502437949 0.0291974664816342 0.13274650845697 0.168785078336109 0.0268920495164391 0.120272486407296 0.102035464123045 0.0191965403830154 0.0131976309318186 0.0880678034380598 0.34305616700665
0.1724222642684 0.0297679369952475 0.140337624265178 0.172403453904384 0.0272180301748231 0.118413820871229 0.0979665203777895 0.020555393887474 0.0137130385105505 0.0866945249357743 0.339436869520739
0.178121974255861 0.0284074150250483 0.132740492560144 0.167958604520182 0.0262757043491332 0.120702532063298 0.102616316844906 0.0188796101142068 0.0131361640928356 0.0892204334102566 0.345793277226333
0.147159432003508 0.0126416293368517 0.179679828670029 0.247445264129246 0.0120122427546193 0.128660197819644 0.063298864513875 0.0100595888381041 0.00366356606308336 0.114976163276437 0.272401405286103
0.176444749342725 0.0298929404082208 0.135876366131573 0.16881087874445 0.0273606918502427 0.119398725184141 0.100977499610206 0.0196679897847607 0.0130968850117154 0.0879188602893538 0.342215648338648
0.176402048635109 0.0295010205564996 0.136032874583075 0.168396092812267 0.026990347117321 0.119545898243575 0.101173385596822 0.0194912639905718 0.0131291058131676 0.0883172483135316 0.343131718052154
0.176068867263482 0.0298100262460872 0.138502398517196 0.170673272788651 0.02734925365572 0.120108751428888 0.0997063298022371 0.0201230465711587 0.0126330667950432 0.0870589461924859 0.337487430099976
0.170781069783214 0.0310382029002041 0.144562200440692 0.176038329766752 0.027822932862859 0.118305092599907 0.0969623117373109 0.0209137217831517 0.0135025021725941 0.084115769018713 0.331452171646372
0.176108342809725 0.029947230912319 0.137325500222517 0.173067756465415 0.0273047258061413 0.119525606358487 0.10002420442657 0.0198992817614961 0.0127366525403964 0.0872594357156024 0.336720837425396
0.132262805988925 0.00819576259331516 0.178109701081996 0.282417278607216 0.00865136536771685 0.123472044026976 0.0581092308987343 0.00707968688836404 0.00239844999566666 0.127782433053907 0.266891042333855
0.1761342572432 0.0278851570780122 0.142552679270723 0.168893920106383 0.0246303286729797 0.122060680367999 0.097251156211943 0.0181336870311485 0.0137944419995528 0.0905715685862695 0.337842977260703
0.169932777656968 0.0264870019398531 0.148664747839061 0.171822930529047 0.0231901418237872 0.124139580902738 0.0932663945289508 0.0178536952177461 0.0152720085851831 0.0920545183725721 0.335762819308546
0.161631477963137 0.0158986236492619 0.180967189082435 0.23136693271678 0.0132493382088231 0.110078788104465 0.0796568231090396 0.0113806625620247 0.00830155711575821 0.103730393667573 0.286807650275098
0.134061996950345 0.00632366934047851 0.175623521569276 0.294320664588021 0.00701984772544871 0.114958109927156 0.0570034575384718 0.00559314948125108 0.00290000902537114 0.136826137603467 0.267692189899276
0.164788460189119 0.025401555060349 0.15604936899585 0.179436700332009 0.0233781354462743 0.120420837848044 0.089730458129673 0.0187840160561817 0.0142534988329065 0.0926843114888764 0.330524942128355
0.128765200848094 0.00682691341731079 0.180998574269715 0.293152170440809 0.00737665988569781 0.109315563622372 0.0566087314785157 0.00579167179140669 0.00278371824857605 0.143456168169276 0.273564917516002
0.163975461862871 0.0261283469197549 0.157001111407665 0.177731829084422 0.0238260037990363 0.121222623144189 0.0882037007161892 0.0194979446119427 0.014406121152742 0.0921147125628685 0.330114623782064
0.168771503087907 0.0267875994781451 0.151514650380832 0.173738729565841 0.0233170106997168 0.123169876455982 0.0914633721398447 0.0189858759539916 0.0146703879908454 0.0914645273293432 0.332700630331575
0.165980104622494 0.0249684555837642 0.154505288518381 0.1790500917783 0.0227545805079869 0.12040708099342 0.0910659671899071 0.018277530945198 0.0141867101112214 0.0933834055294783 0.332334397995654
0.159095979598993 0.0275429346032365 0.158165301568135 0.177385739701926 0.0249546946066661 0.118624075735719 0.089169299499031 0.0205498311188113 0.0153658480305489 0.0909666385040399 0.334231274185324
0.166541539366241 0.0211327837351833 0.182933401090558 0.186092551463805 0.018930545288628 0.133865948155018 0.0695921472757943 0.0171542164857499 0.00774305652449708 0.102844782979987 0.290503230900565
0.162795375633335 0.0242112738266221 0.188599264250065 0.172602382465693 0.0221795918434873 0.137693640012636 0.0660661866842957 0.0212805807153902 0.00770788808995737 0.0971077441429152 0.291918471968161
0.126265291680254 0.00835752523209173 0.194944339238025 0.27865520723975 0.00813078928672393 0.114493823855505 0.053390034321156 0.0071423228255733 0.00265398268371106 0.136964534402472 0.269153023467651
0.162221653148211 0.0237017207006142 0.185940732016015 0.177868043321944 0.0217850303677749 0.135803604540275 0.0665283794503909 0.0207995955366397 0.00799135203028531 0.0990206920770412 0.292679215905164
0.164439904486675 0.0236091747049737 0.182389917565442 0.178442155827556 0.0216286119855266 0.1374086036071 0.0668749913799951 0.0203304170020581 0.00781144119189711 0.0991179445966967 0.292081631822727
0.166508497008482 0.0235086653104353 0.182460455358091 0.178297196621678 0.0213323157036742 0.137431886652166 0.0673055511671508 0.0196057057872498 0.00738199644706251 0.100350950414611 0.290460983345473
0.145623040683001 0.0273573082151428 0.199947891050367 0.188741568545752 0.0292753080996608 0.115057652250647 0.0608800754123717 0.0249735660197341 0.011515076540957 0.0914579376366342 0.293997231155429
0.129684218272456 0.00806011094466335 0.204848659442605 0.276110582099128 0.00823787563533185 0.115731158908342 0.0528072069544461 0.00652712025556367 0.00241683446862641 0.130900553160793 0.257327394697474
0.157419276973272 0.0269282608203116 0.187443476092615 0.172427827786523 0.0256308947231545 0.1321655087081 0.0659342157479704 0.0236657722349973 0.00931992735796665 0.095280343004923 0.297984754896023
0.157667534303854 0.0261229655841845 0.18324342295136 0.171021331416244 0.024428965260896 0.134113721694213 0.0717039444383549 0.0228191589787954 0.0101519990060774 0.0908406846132684 0.303402058789249
0.15762097307483 0.0257576848443778 0.176221323921171 0.171203418348102 0.022528155289601 0.135403695586704 0.0744946854415525 0.0218742080152795 0.0106160004779474 0.0939333328546536 0.311264748935216
0.16727931123243 0.0247974896026817 0.176604405115764 0.170887071338677 0.0224536251434089 0.137012776137189 0.0703934774470954 0.0212751606552295 0.0089875079825824 0.096523810248168 0.300965321429849
0.17052614099678 0.0250304304967465 0.169354851291388 0.170744857848974 0.0233695308813196 0.139001452297206 0.0738166491360093 0.0213113314089513 0.0100898208143316 0.0926006221494704 0.301972736187584
0.167369651730966 0.0247128789293788 0.164897039819154 0.179438286339863 0.0225022923867898 0.136489811130086 0.0733455506259777 0.0194326831827269 0.00823003778240655 0.100314822638705 0.304590039663762
0.17186091197528 0.0234849138361083 0.172133831849128 0.168381575998205 0.0232947014230607 0.147406091829173 0.0672480080552771 0.0185722855251899 0.00689500194999496 0.100882078126687 0.293437973089045
0.200248753966044 0.0301568053811236 0.143406081944965 0.153539975674478 0.0295829627032901 0.155424673320108 0.0716338504425392 0.0224333962948567 0.00836413055858527 0.0775029580379691 0.28764074700999
0.141335039136458 0.00901501513011787 0.215249534199734 0.243274580494568 0.0116032888678024 0.120978902368706 0.0559530952377498 0.00701812255845884 0.00309832915644697 0.11813039036084 0.258543639802616
0.16802682416263 0.015763286727207 0.191288317179374 0.187139244998807 0.0173574371672531 0.140705546343494 0.0643142500567076 0.0115837904259948 0.00544537398545412 0.108174021343054 0.279719343421234
0.174357665862273 0.0323622721253597 0.174633331699316 0.103400733676452 0.0363998046952153 0.133265036772202 0.0773713232141365 0.0295586361205634 0.0179122381545794 0.0690460397682196 0.345581155169182
0.208141092087583 0.0332589086736254 0.137682533976857 0.123435814792551 0.0255517275834493 0.15453686742481 0.0797188328573137 0.0210412114604155 0.0107394096744059 0.0855089563954776 0.317393055461124
0.184899176073314 0.0367715370256957 0.159114907492396 0.0961629105350014 0.0366009491305744 0.154348728972916 0.0655580106822822 0.0281321640582283 0.0139913660729605 0.0884054977364938 0.332101790770101
0.183816794460017 0.0411201641006116 0.150452477387635 0.0992375820502056 0.036672121468816 0.155310278693631 0.0664630110175633 0.0277525143413932 0.0143883297703204 0.0889420052262432 0.333390581839084
0.174009000810358 0.0194862708423391 0.194928593414335 0.168681386534023 0.0176130451089584 0.141681320914666 0.062783887446312 0.011208268580894 0.00572708014725956 0.109275995098882 0.283600382375321
0.205919156022136 0.0378429738794329 0.146375019696605 0.0990314784947953 0.036952079541245 0.15272994723982 0.0677060956443176 0.0233269377441304 0.0160960694866696 0.0836777792789569 0.321149345125966
0.132737697212744 0.00927245191962009 0.236634847110201 0.231056223785171 0.0104089185571317 0.108781177464155 0.0531549043679102 0.00755883540029269 0.00443354979329476 0.124954030112564 0.271108683950979
0.221610937885993 0.0261005168422124 0.136092374442021 0.168513596629935 0.0308708220962295 0.102333015234043 0.0869901616827189 0.0193247047251025 0.0146811958750658 0.0768258614698161 0.314478736869567
0.214615269022255 0.037254412627992 0.145541774926289 0.14674770255262 0.0410475846928671 0.10075727701265 0.0764584199395336 0.0242289446222254 0.0157588418358271 0.0765203696940864 0.314035979165326
0.21678490609759 0.0375364900777253 0.144682576557975 0.146777015156416 0.0416016233570713 0.100676803925595 0.0766366835775558 0.0245714180119412 0.0155302703576219 0.0750292877444303 0.311940584827625
0.222800209526428 0.0263341376672554 0.135972463312833 0.167948691585021 0.031355013186072 0.101268858421895 0.0865911397784759 0.0194049564484931 0.0148570809654395 0.0766536621797066 0.314320626300495
0.124018806975355 0.00902348676483504 0.242503616857775 0.239711553123041 0.0101167230948603 0.10474110666679 0.0524318312011423 0.0071293634600576 0.00407139070401523 0.127717557275962 0.269884706517343
0.219367505713097 0.0366435807861261 0.13668952334546 0.156464707831616 0.0404449976811499 0.0962291389121466 0.084200716801061 0.0237924369617802 0.0173492665191276 0.0706683026837277 0.314160545730405
0.183644362137413 0.0181769400369114 0.159857720547901 0.192744965099815 0.0195778266881507 0.0944044121511874 0.0817313390667834 0.0128222289082343 0.00778953049039788 0.118853274373363 0.331593773338623
0.177280560837687 0.0189138720375428 0.15128622689955 0.19752445280898 0.0203554544169884 0.0936324111104211 0.0840929783902599 0.014139307273233 0.00840703787709728 0.118908508516149 0.34100702188883
0.195405315614247 0.0279720180132534 0.141470315553138 0.204207098928525 0.0295838192028819 0.0869360731986644 0.0949243180172915 0.01767358909965 0.0178807205566426 0.0741276102873725 0.31442535948929
0.201288127980622 0.0342038480192176 0.141283684346705 0.185912727544682 0.0351595396953014 0.0896728099400066 0.0905533380849796 0.0206328418296405 0.0191672303678212 0.0702806328736993 0.312479262473464
0.0845867769870207 0.00661972096420516 0.231898311330617 0.308836292796168 0.00798575540340141 0.0858699390401851 0.0520450573673269 0.00678048804604405 0.00412135282980071 0.139564545949861 0.2742032034784
0.190603899625337 0.0239531698584382 0.139327742020441 0.216420624751788 0.0250533031379781 0.0813964794221845 0.0967700649153217 0.0145762106384403 0.0149218998729848 0.0905492625949547 0.323244781183832
0.197776012637939 0.0300223157729825 0.136100608261924 0.2012146631517 0.0312154117005199 0.0863301126879034 0.0973385341521411 0.0188837640719616 0.0192413610880329 0.0717930239783499 0.317340875787032
0.202137331659665 0.0345379497858723 0.138337947960077 0.183902611507884 0.0367243591416375 0.0888811785498578 0.0938508883278953 0.0210863818305388 0.0202851351595145 0.0673945199522863 0.315478621395006
0.198877629339608 0.0330766418786012 0.138195946564851 0.191187679098906 0.033513490579832 0.0879465855576027 0.0938843043673375 0.0201638571651093 0.0200140518639722 0.0707885517616858 0.317202026980599
0.191424338911036 0.0335631297145615 0.145273916609665 0.18661895639124 0.034830948940883 0.088931299641227 0.0908755459465751 0.0204326761823213 0.0205253198480054 0.0736670010423933 0.319357409791388
0.0817035908497285 0.00626683070070574 0.249863308888823 0.306418478034778 0.00795893829781769 0.0899651831663248 0.0424939518546336 0.0064033484738605 0.00371082342037576 0.139043353788363 0.257823670061824
0.108406909943853 0.00592617201615027 0.229964112673868 0.285188908606617 0.00622943000883618 0.0843867520623781 0.0562460797695312 0.00483886140944539 0.00414137410422085 0.142881772429521 0.279897714688298
0.083278818525467 0.0052681883298233 0.281130474003343 0.300688948254096 0.00698628743248541 0.093974659122731 0.0314700527570608 0.00490615362722246 0.00289667521817142 0.138574349921717 0.228672624332054
0.092912598549733 0.00593988605776512 0.280671810022364 0.282928175559984 0.0071482449677134 0.100324801272512 0.0317189462547302 0.00540852573283044 0.00279468811079899 0.13965181083092 0.230074483569929
0.170141464881567 0.0131813116547472 0.160210211853634 0.247762786420965 0.0126288848701446 0.0861924976890318 0.0827083751365886 0.00969793789633352 0.00644842058492663 0.125701995500597 0.309882842629911
0.166881668481753 0.0224026809058613 0.140791738616989 0.211690442998139 0.0222504399336642 0.0838332901463844 0.0916526539818927 0.0176515241009875 0.0112000715610144 0.117676692723758 0.352149738917209
0.0988358811636999 0.00559052862940687 0.264447826454362 0.28676826855741 0.00724849104933157 0.0972336637655398 0.0366752388067728 0.00516230241138207 0.00244646322421184 0.14180127798874 0.239875340380248
0.0996772527821097 0.00655140458972943 0.320584381036219 0.263029635888317 0.00673629945407202 0.0893530251348019 0.0261171826464599 0.00448805878534737 0.00216222480125389 0.141677303328456 0.214068001114752
0.154031045798274 0.0159167977375398 0.19745801401988 0.18843668981733 0.0166573858467668 0.100928019937517 0.0731098911801822 0.013523441440253 0.00656969853871762 0.134518584566569 0.326572046842692
0.0789327300785191 0.00892056499131193 0.359979496832378 0.245415818229319 0.00775138524281015 0.0480385474051693 0.02253910271374 0.00429670790396441 0.002860771318608 0.186232721160266 0.250961457220492
0.14540936325417 0.018269679758959 0.215076468938079 0.186880961964919 0.0167301735961349 0.0974558716577482 0.0699036835713218 0.0158133131907077 0.00583011999368041 0.134323479903133 0.32017748082999
0.154739930127573 0.0153719747757284 0.204535727062539 0.187703998314262 0.0155832295257193 0.103471223645687 0.0718604533028459 0.0133289655994636 0.00615665903808859 0.134220382610816 0.318593916548491
0.144673177169241 0.0186632949001274 0.214645612079336 0.186744681208198 0.0171024622592347 0.098436396128254 0.0685621848842349 0.0166388919670989 0.00577378788728665 0.135677715728145 0.319734376255609
0.151875599882294 0.0155787796224221 0.208980838128227 0.188714486035209 0.0165121493235243 0.101319792632107 0.0692776012433406 0.0135847130954934 0.00606568462699645 0.135362700439612 0.317018354376217
0.141875180565287 0.0301972913157743 0.195644512598336 0.182609396492242 0.0265090088551409 0.106040534376855 0.055989904125067 0.0233128695852139 0.00942679690874264 0.133412021028487 0.317124075796363
0.11099933531424 0.00766278480677462 0.336844250298089 0.231395329550513 0.00875752871253405 0.0596862690714547 0.0270264284688129 0.00406534069983657 0.0027609901101115 0.170325864782254 0.244654502246393
0.151489428837764 0.0214728175049961 0.198084005709419 0.179491768967357 0.0207196514643158 0.102536256290399 0.0697509917168918 0.01851492179498 0.00721210816353945 0.133139863231051 0.326206071225748
0.081640328291483 0.00631041066673915 0.347266733921112 0.261098210558086 0.00728414721182982 0.0451440074354483 0.0219741238453883 0.00379355172750388 0.00237847968438599 0.191456257613427 0.251256161915301
0.0758225776545048 0.00600954559227881 0.318841342479647 0.268991597998336 0.00590607410811112 0.0606387810027082 0.0289825860633415 0.00418115368940813 0.00251215177421945 0.190023478544893 0.263790081164415
0.0715239024627637 0.00845484577417692 0.354426566466873 0.26127150252544 0.00745631265245674 0.0381681621186262 0.0182463029222591 0.00492406735310847 0.00259825093811731 0.202880941329574 0.258698707999665
0.149502236414582 0.0166540964348909 0.224339127776959 0.18604251030096 0.0153464195931691 0.119523371091668 0.0626172841081498 0.0105178403759622 0.00559383028733657 0.117503814601767 0.288592238387771
0.101689968421975 0.00783888218588275 0.261841459922022 0.259072349221698 0.00835104731350155 0.10490155939082 0.0445857551551778 0.0072428630757274 0.00426213735041007 0.127843613437415 0.256304733544101
0.156436632539042 0.0137318956623789 0.241590513277872 0.18347057992875 0.0147938840445246 0.132404327985586 0.0536158444306429 0.00920919829047095 0.00395413387066731 0.113235955141666 0.257572166561846
0.180836735720981 0.0237102237585669 0.168239246515327 0.156349140875764 0.023622290402043 0.15700353387176 0.0661287376025806 0.0176173583951081 0.00731157587333762 0.0977191789286866 0.290238828855558
0.107928793668724 0.00890206890030278 0.258495223840725 0.25168261822707 0.00911198502947026 0.108563586006392 0.0450959433317596 0.00815687994028308 0.00474099485752761 0.122272595449214 0.255315724327317
0.0978160592108816 0.00776270406021656 0.262905921614585 0.267347949587096 0.008319128941188 0.103222925345046 0.0424286271576977 0.00731867655835751 0.00432148261424981 0.127802676932979 0.252625311240986
0.138393649335294 0.013111355089462 0.244401911459393 0.193969869892985 0.0142793434494119 0.118870014780048 0.0591057017646607 0.00995488268144162 0.00465985225636468 0.11740311728531 0.276973855993406
0.13608439869792 0.00843585488029078 0.263664414442315 0.209599540263488 0.0106293932402748 0.121517801441888 0.0494794564908088 0.00665562431365391 0.00306532818193019 0.119873605061208 0.250068597033822
0.171218244914742 0.0214267357576182 0.154338549103601 0.161156659018157 0.0207467767217394 0.138853137108209 0.0832667784976043 0.0166917727442586 0.0101617813954913 0.109864314100612 0.332259897375934
