0.0983953307057207 0.0313984019067229 0.25559407633968 0.155688140211583 0.0300701061476649 0.0862297050469046 0.0455655187360021 0.024063071038583 0.0142599981688892 0.160870062205906 0.342624239641724
0.113144300643423 0.0248271975838744 0.281835445326614 0.136692904765929 0.021739066519766 0.0782840460668201 0.0578993232148421 0.0155526101545597 0.0115406215200348 0.153752832863378 0.343477039093573
0.107377857834548 0.0222810368901218 0.302892106748694 0.205396613943325 0.0177898295645405 0.0582560702114166 0.0491925293256784 0.00891879750681493 0.00774481204585262 0.153806562153854 0.286006484807354
0.110361215748642 0.0171132373920325 0.280213898593095 0.204196574036866 0.0143555560090321 0.110708402224787 0.0625921536595456 0.0147396660182045 0.0089282674785133 0.104603272730224 0.263051115995543
0.130433721840213 0.0312588149016308 0.275446263708468 0.13656792236616 0.0265402407295434 0.0948923271175692 0.064663830561379 0.0195267036026662 0.0114417948659751 0.0955506807088535 0.304860709336416
0.123608373432544 0.0310260932442553 0.223300329166518 0.163642903867949 0.0266335679062148 0.0741496770705463 0.0509746477643912 0.0167768067283103 0.0155179279357267 0.158182412188542 0.357639055311973
0.0368720607461364 0.0111265502968637 0.399266381090261 0.225888514877154 0.0110953434328292 0.0353569646295172 0.023182185960179 0.00891361560416101 0.00467518326414073 0.195637659620094 0.280394184927237
0.0166925818339564 0.0102015459326141 0.497529393962861 0.212948304301333 0.0102626414463357 0.0104742058893903 0.00597995687527409 0.00717067250151531 0.00324864661183255 0.202027588138078 0.241891326633509
0.0325429313409801 0.0170481224096658 0.47058136872916 0.166968000538735 0.0168477950314774 0.0239056184101568 0.0193825320865536 0.012290348704809 0.0100694723537006 0.170103641984431 0.272106163539824
0.0567720887212394 0.0295151560179966 0.267218060294789 0.174788751542634 0.0268993337846953 0.0445692583218232 0.0361245833749801 0.0226389137591127 0.0189167603017187 0.207185927305444 0.400237351316821
0.0942861425293941 0.0452665961672375 0.20305393249496 0.166510961501085 0.0424933891211961 0.0706607754428867 0.0373635226917605 0.035087514095362 0.0197850463968773 0.163014859113063 0.377728202743241
0.0658521311128988 0.0232519184383525 0.188840306657773 0.246074900674294 0.0237222162714027 0.0584997073754199 0.0461444182909156 0.0214687382296243 0.0160447303251925 0.213765791964537 0.393758819469861
