0.128151903751505 0.0381059602542729 0.17142050023089 0.144212573636807 0.0356827386335916 0.0757815620727519 0.0627927414498056 0.0247915177941142 0.0227483742267904 0.147985876622685 0.406644761420182
0.0612376789457743 0.0345971288445626 0.26168172185159 0.168204068090208 0.0315074301663119 0.0527735651712699 0.0354147280084589 0.0249506196333996 0.0215516952845445 0.188639532221019 0.389998406930282
0.0710015886705525 0.0243529987835997 0.292891698887159 0.18385270052725 0.0243439351239384 0.0623544838454184 0.0362573269440387 0.0174968075582384 0.0150143113831822 0.185484481263651 0.341202594162082
0.0768788996649357 0.028829143583068 0.377276432251316 0.162038452713695 0.0267415352160924 0.0655559231288342 0.0348947774855471 0.0212364327439288 0.00868280097319175 0.114401260052615 0.26267961344206
0.0957829197522286 0.0406423945624756 0.305787553453977 0.114532010855139 0.0362073968938663 0.0639588761782958 0.0456732237764321 0.022952504030266 0.0161707376917017 0.142018732359221 0.343088848304018
0.160275812546949 0.0190021511268197 0.270711420774301 0.0956062036213661 0.0199016386689177 0.0914202148990436 0.0631921278703044 0.0168157847503965 0.0185190879655439 0.101889607204649 0.343082558362603
0.181126825957697 0.0160248759625901 0.285381156145469 0.0980542257905572 0.0164162728360923 0.0940089947404356 0.0527541651660703 0.0149571482933632 0.0159161201152717 0.101419180776693 0.308987648567159
0.182910351115178 0.0388329035641106 0.251865746740666 0.0883095575173394 0.0363746972488047 0.0999171755136187 0.05812843287413 0.0227457018957277 0.0168724842634099 0.0739232663195615 0.301789568300283
0.214364016727446 0.0448476142711198 0.186670959568094 0.0855174292048263 0.047638294704383 0.0913491645167979 0.0503502489309588 0.0249415064478981 0.0229234418902601 0.086578047559226 0.329612521007333
0.183315870174921 0.0454692905994054 0.139117886690312 0.0995193777528084 0.0459784393218374 0.0844212968242375 0.051715868538229 0.0354629327166206 0.0307395052703825 0.103265741351054 0.402177838636478
0.216524317762094 0.066541780083619 0.192470186945088 0.0669027290692066 0.0535702245748936 0.120961456026357 0.038576686460692 0.0479652539921049 0.0117800900738784 0.0724828140012653 0.28302930553874
0.110431000035237 0.0170071265835014 0.337036414449265 0.137473246843669 0.015692451887732 0.101371466580154 0.0429852698540227 0.0155522428675664 0.00503958619425279 0.143203797490683 0.280988293620442
