0.0950615091020847 0.0287750584500293 0.260277555258041 0.162641094023611 0.0276426048739255 0.0874027775151773 0.0454606607018508 0.0232527128592494 0.0136233623883603 0.162343578044077 0.338199400777131
0.10938220014139 0.0221420530905813 0.288513398233232 0.14229937740636 0.0189516227049284 0.0774027681823575 0.0604881947426828 0.0138305735569456 0.00986912901457988 0.158813303038939 0.341308580241151
0.0903836006504495 0.0171485791179144 0.327287938658425 0.204361582476455 0.0135916857871757 0.0555770373839468 0.0441656822606141 0.00857506733430024 0.00577065961982269 0.172274975944643 0.291649575925634
0.0921831549653106 0.00905445032866738 0.333168602643617 0.233472638520536 0.00810406468559912 0.091660583995783 0.0426530216343224 0.00893191836749032 0.00558238864842627 0.123839959773635 0.232356504860488
0.0971188372863297 0.0287515899525292 0.341614315986191 0.134325394887823 0.0204838066172041 0.075555424955016 0.0663934472218365 0.0182082076219205 0.00923789446166787 0.109435663652325 0.302150630314907
0.105349419120912 0.0448395492580029 0.269214795097199 0.133920126628322 0.0360499711664229 0.0792036539689238 0.041168471668129 0.0209623382241369 0.0154261056843042 0.143962398921154 0.331422484760214
0.114679167812789 0.0236455207822988 0.266841158001141 0.112900562599328 0.0260726619553915 0.0998914441578659 0.0737689451778048 0.0217867172238606 0.015993483757509 0.10403076939985 0.355969484691186
0.12776293739944 0.0323430111113287 0.283804800198539 0.123898773138518 0.0405893430212554 0.101375787794671 0.0471170071417567 0.0231085791340729 0.010456159228408 0.118779029551753 0.290225347336248
0.0995533743808144 0.0276587768647746 0.335247975609502 0.129809214154836 0.0316392001317051 0.0959781810425181 0.0323169580960595 0.0252110897797843 0.0139350661639661 0.115724491455907 0.280113277815849
0.0468796424380058 0.0292209982676237 0.287623320036851 0.158829863555174 0.0268468149185767 0.0336052580102518 0.0416810809766097 0.023502158979046 0.0251253426781021 0.182878652408043 0.416994102773517
0.108104583983534 0.0511687025224446 0.198089221940343 0.153523308625457 0.0477071576322632 0.0719244381864259 0.0351584879191711 0.0371417813558701 0.0196923710266706 0.154908729269362 0.36948258710953
0.0645890468599075 0.0235846098170005 0.193898197402607 0.245709511565782 0.0240785505657657 0.0589628300753378 0.0435608289833281 0.021920092725545 0.0156436377030187 0.214110061316085 0.389177253713599
