0.137810430240934 0.059149313490944 0.246623752255299 0.0948798409259306 0.0621695131392849 0.101353417971964 0.0326893131532539 0.0410743302081054 0.0148758242784473 0.0912464107870924 0.298013731975645
0.136583972096171 0.0616364686953342 0.230544340996601 0.0646100334796781 0.0627956661250244 0.114416286097617 0.0382544441805004 0.058064707042796 0.0221440688826468 0.055092847119666 0.329413232509574
0.176395164006129 0.0465766348106131 0.238588135673545 0.0618644394000303 0.0446972446812333 0.132173902225557 0.0438933416267159 0.0443894449715435 0.0125388596310023 0.0655799457066053 0.299704479202893
0.157579223771442 0.0609520996940916 0.236949524621244 0.0857382190156299 0.0695605099099547 0.108227732584686 0.0310501181409675 0.0386642931036093 0.0152581279498024 0.0801995776174594 0.280992690402952
0.159402948765725 0.0610893472202046 0.238465257532091 0.0831368103990597 0.0691748090359752 0.10514026471241 0.0321654021751031 0.0366980708038506 0.0151378958909169 0.0819480591680838 0.283590562334534
0.192502277316894 0.0565497138218018 0.224760828430378 0.057584809270967 0.0529182501897401 0.126265505010385 0.0358672267942515 0.0541356790896408 0.0166226540127955 0.0491265780440969 0.289418615959834
0.127378420787186 0.0592520008224505 0.24906209259105 0.0704173521583898 0.0609322447044156 0.113334782371397 0.0424501622213022 0.0502228473234315 0.0146393429846802 0.0726060459973475 0.319623106565111
0.138563466596016 0.0504113987465603 0.259743488662428 0.0929266019912662 0.0642241198422081 0.113836532702586 0.035960434562713 0.0354498163555855 0.0137886328987173 0.0811271712681237 0.280294391458936
0.197706951467995 0.0663011171764109 0.161084573858817 0.0659270113398041 0.0564138720493412 0.116630371935684 0.044807033402207 0.0607006331018007 0.0155296554424279 0.0724186985570391 0.335936102171948
0.156223409545117 0.0629765610981258 0.231060074882546 0.0873085272490995 0.0681398634896435 0.108790545467217 0.0314599891123077 0.0380772928637674 0.0167032138485489 0.0818454562881214 0.285501018268251
0.194367953037459 0.0545075079314538 0.203841433971764 0.0587242575772498 0.0513085818244869 0.142628994192136 0.0382030143518467 0.0513779625091864 0.016667044463213 0.0558148346401159 0.294621271465451
0.145019802101639 0.0539441277857275 0.2443203130653 0.0912382474704253 0.0676969599975953 0.115899452593736 0.0333731184164455 0.0397121118382769 0.0134600267895974 0.0809506588846316 0.281881096985577
0.134549636194713 0.0659712353811642 0.235467723193729 0.0735065486189417 0.0574278867891824 0.120946770909177 0.0369017870751012 0.0561921599000228 0.0182623546696228 0.0627416217659893 0.312130198913094
0.183363555930663 0.0603261736995145 0.179258825582393 0.0738174142250532 0.048503828747336 0.131802589278128 0.0518733431589979 0.050406804820912 0.0146695582563299 0.0724957053269227 0.322927612536913
0.15600736142041 0.0580138923410551 0.244005494444354 0.0879581448474788 0.0681598283260434 0.113640819426189 0.029622817854288 0.0357989597924832 0.0158673277765146 0.0800252481431232 0.27221445919447
0.167513970394237 0.0477163997921361 0.244028027518777 0.0721155806554514 0.0450742101448822 0.120303641028515 0.0456957671791279 0.0421891148730234 0.0117822637652269 0.0723774312793653 0.303248170466001
0.152240591683844 0.0842667418148697 0.205840639076218 0.0712099411667665 0.069382220306371 0.105841134160371 0.0308176579161386 0.056603362502262 0.0148243978753868 0.0771766465781405 0.31121873179156
0.166478140770934 0.0586824426460302 0.229962503576314 0.0855845616879201 0.0642625363529468 0.107312745113699 0.0329009016958434 0.037085740424699 0.0161346718398605 0.083485876734798 0.287717069852157
0.168063216303435 0.0609693393396383 0.222999599397426 0.0873232462915816 0.0652490325262936 0.105842648567722 0.0383181946068452 0.0370685519561113 0.0162894075022729 0.0763979323365541 0.289552917573904
0.131843420186165 0.0583582386937647 0.253405064489993 0.0699279592196598 0.0610439153731732 0.117824104275533 0.0402885943482112 0.0486499995771359 0.0137508273696858 0.0686284983088257 0.307597297761712
0.156926463033597 0.0599518451690023 0.240266659441073 0.0874662021988948 0.067399633032332 0.101650447950736 0.0327109472375458 0.0366004732349851 0.0151430739267003 0.0855709015991655 0.286338749174366
0.191239188283419 0.056599584164044 0.187352480459999 0.0865138129044823 0.0535985206776709 0.10666486560666 0.051058517141536 0.0407904474662064 0.0187275167815134 0.0745205174414154 0.318031547903726
0.134372847309342 0.0675965706543445 0.221031759720394 0.0848975640101601 0.0506219469143504 0.119928948457022 0.038280129678575 0.0521862452353637 0.0180699508784516 0.082027750801542 0.321550362934385
0.145109319191133 0.0507826237578884 0.220342297488303 0.0926335048405607 0.0643100312614276 0.118724824922317 0.0385440701059057 0.0379180266816922 0.0155055889742169 0.0892049779731153 0.308097398538371
0.18894683293001 0.0629187446368019 0.174569527406126 0.0773602144986698 0.0593967160434545 0.111799208713585 0.0494140159847096 0.0444210529729773 0.0162299112929547 0.0776132566754923 0.32500875577135
0.163977808987549 0.0566694404209922 0.179173756997535 0.0942085949490827 0.0620557836625462 0.106028468882652 0.0477245971325351 0.0378393172854346 0.0209360301320725 0.0887098715181735 0.337886146099645
0.1316567091069 0.0578000406343774 0.20724021573558 0.0949863494606424 0.0487768692658593 0.117230626985833 0.0457603034433874 0.0487328572850543 0.0163573628013663 0.0923206011975319 0.342309188810808
0.112605790021245 0.0778458722083925 0.194963524948014 0.102317357556052 0.0647782907266484 0.0985048879958213 0.0372255499175852 0.0610365270445353 0.0193836533977746 0.0930310696067324 0.348984276543827
0.178820101775313 0.0612921292356984 0.170415000900383 0.0815647669007202 0.0661470515359441 0.108096035637683 0.0477299422366805 0.0472550519604198 0.0180007060067853 0.0768547514310771 0.333664914014259
0.173051025615366 0.0728264548994917 0.178469483480114 0.0709716620429565 0.0561675836559462 0.126780622657227 0.035701514521364 0.0528406682282826 0.0155014373297679 0.0803182120847819 0.3217331676489
0.17994905125081 0.0602377910611844 0.163843840099045 0.0835891451772653 0.0651902209140741 0.0976118693706351 0.0546260124283614 0.0434672532763647 0.019759258403432 0.0800655841206992 0.349578082126988
0.138068666956326 0.0630249599598037 0.186050220173098 0.0907050707497312 0.0610374182267721 0.113096788664099 0.0501836190036484 0.0499731047185263 0.0193913583800969 0.0810432991722573 0.348016875270169
0.118076236193241 0.0562114096391479 0.18334138797091 0.098865441296647 0.0575098116144285 0.109476170450473 0.0544444258707122 0.0509429873571388 0.0224165220606466 0.0839065188909422 0.376519542835152
0.119146005045393 0.0677653834007425 0.185322826114185 0.0951630312782387 0.0612764576059731 0.106017231071822 0.0494183935033944 0.0553589096774258 0.022074139693846 0.0834701517290837 0.365309065483645
0.163663169632184 0.0654373075448891 0.175132093615303 0.0727037172700723 0.0627319112114484 0.099735188214383 0.0601984046310702 0.0528261971661889 0.0188092993844936 0.0660249066240351 0.360596612511719
0.130187750211766 0.0476491439392409 0.233660236523089 0.102187702386276 0.0595625318745129 0.101840976947665 0.0512937916139085 0.0318444969302815 0.0172202967166198 0.0848781233518801 0.324911658117452
0.237235070209706 0.0581823065164858 0.183437110201547 0.0639973729703751 0.0407885395945077 0.145995399990263 0.0467527727699403 0.0401785086262009 0.0154635910102697 0.0640719613976677 0.270364200517115
0.164271644149804 0.0611038692222964 0.185458979915224 0.0880483535607805 0.0669993831449233 0.0932399197187341 0.0501635013323146 0.0366259982104423 0.0199482328992771 0.0861560977536253 0.340877850288237
0.136224445998142 0.0482940971914527 0.229605988653783 0.0998621793230521 0.0591661463276298 0.101708646420617 0.0519048309007551 0.0320782866525368 0.0172554848841525 0.0841532494413752 0.325138496085325
0.135261006684842 0.0496999022038274 0.227120493789618 0.0978522311330076 0.06076728326814 0.0986456783068156 0.0528447522698884 0.0329249962451734 0.0172582873122257 0.0843843376774266 0.330653404613749
0.151520955995754 0.0647695766908222 0.162424597944464 0.0776810282121448 0.0665592985537414 0.0992805059327247 0.0696914752262451 0.0465712213997668 0.0190625544795448 0.0729584106084649 0.37776403667035
0.119941665738373 0.0557586844965569 0.191214250054271 0.0964959645977242 0.0463663558563815 0.120844235532166 0.0644365398423544 0.0485317048612507 0.01819495304722 0.0864784952339272 0.369378843724526
0.1262634821029 0.0490474135162845 0.198660845849969 0.100022319981498 0.0596237866002748 0.0921583585350991 0.0678996212596048 0.0352826004998842 0.0185339266758162 0.0831235417338492 0.374223793413974
0.13562612851696 0.0742184174903656 0.170591723958402 0.0750086464242979 0.0679806024574583 0.085231129233233 0.0716695823854027 0.0507650968702253 0.0206383779521704 0.0731109497650937 0.391343351919284
0.177588830692814 0.064729805937327 0.183686724058706 0.0714829463531888 0.0439040954403879 0.120918292523685 0.0553141509259307 0.0509141030858877 0.0215592737594565 0.0674778497098677 0.33768930499389
0.165274181631767 0.0645583533224116 0.170349110871133 0.0762338471116067 0.0584476622384229 0.102196574576971 0.0682303459781334 0.042490220486828 0.0176566100761511 0.0735347139241201 0.362940270247686
0.153618666337351 0.0604835400321315 0.174148876576274 0.0832774467771032 0.0665011346206464 0.0879441323197977 0.062992326949397 0.0413094059533369 0.020458535166792 0.077373456858206 0.374026203336696
0.119787599983834 0.0621859364828785 0.191630362992518 0.0941256974845117 0.0539546095225894 0.106256885225653 0.0657992645179315 0.0508493932135985 0.0233472034776171 0.0699771958427041 0.372058908308015
0.12398301825374 0.0644588150557035 0.191471931440453 0.0883435495633835 0.0496533815064735 0.110193645127939 0.0678785644769153 0.0517181529205879 0.0222834025029876 0.0696365869154209 0.371895659052306
0.138881986607193 0.0798163397561684 0.183785440578132 0.073398502570699 0.0659234095444412 0.0894067007441768 0.062676914722997 0.0533340476529562 0.0187304440857753 0.0706254957323496 0.36878762019919
0.123295868319735 0.0582108365125853 0.183505415781567 0.0873891929254943 0.0490785276718124 0.121416711732004 0.0645727664303418 0.055702909774733 0.0205708351992098 0.0709961507324815 0.377103447056802
0.157476506154659 0.0640354348325912 0.164827517972263 0.0801327101345959 0.0692752260502656 0.0882806486162723 0.0624268266788656 0.0432053858790178 0.0203435144690128 0.0765964567347746 0.375971956239354
0.133731784538426 0.0680612537893687 0.1720881593014 0.0758382888671834 0.061501626146791 0.093555560488694 0.0682283918459083 0.0484164991276479 0.0186503319998741 0.0820903330113236 0.395223326868138
0.13191634156143 0.0744260146144892 0.178486168445064 0.0872273296349002 0.0604619438876682 0.106357898159693 0.047955433446145 0.061604001754669 0.0197330860581324 0.0862179530574121 0.361124303696755
0.134865353923557 0.059211496499491 0.188051720272791 0.0867640196706426 0.0440431736819115 0.122803823569308 0.0622291282090419 0.0537889851835538 0.0230422164015476 0.0697864590130278 0.364260412382299
0.118291995375283 0.0751420041386933 0.192514746919267 0.0911753366463197 0.0524449899564092 0.104700120124407 0.0528932407494977 0.0586766431880697 0.0206987964696645 0.0857445738865125 0.36573080683962
0.145538607862282 0.0605405980750694 0.183804469002848 0.0773585909974494 0.0412149352825182 0.122613232346622 0.0703736164946882 0.0511251664545856 0.021280572950082 0.072735295328687 0.368929566433212
0.107282601677727 0.0644805406256833 0.185358172739275 0.0987789210059198 0.0545432904397279 0.104521683305685 0.0659639756647499 0.0515183125361145 0.0234812760110899 0.0764115178440935 0.385034790205982
0.141045886852396 0.0680610297905052 0.165698341227682 0.0784695778538818 0.0580668006433022 0.0992930272229577 0.0672566044583802 0.0477898629923418 0.0185552360867004 0.0851630042377254 0.389365336409277
0.102681713424759 0.052839609008108 0.19331708176092 0.109332516358445 0.0510613258356118 0.107572242082378 0.0604305210027197 0.0481983652962187 0.019720161880249 0.0974420493695287 0.383195511529778
0.101543307509406 0.057231531907986 0.188684354113047 0.0974871432431976 0.0557089709779858 0.107173306507511 0.0631836479602407 0.0536205648411907 0.023887804004242 0.0816672403700197 0.392171385740868
0.128210806795852 0.0631612518897282 0.187633234023334 0.0874744104922235 0.0452489441043838 0.11228300473318 0.0657973852899187 0.0528869425370211 0.0202181309733348 0.0770208720492821 0.375988347961298
0.153485555240621 0.0575369786456821 0.1818837906494 0.0756947725440399 0.0391085741965695 0.126327211136168 0.0685376452034437 0.0476113765453757 0.0232181317680538 0.0736372151344267 0.36596311758752
0.110897938047268 0.0607735571405509 0.180656373505413 0.0965394365438506 0.0502946116424665 0.114406202705893 0.0656039234405626 0.0534060493793347 0.0227348337147758 0.0773917355792789 0.386431880414559
0.12704200330501 0.0648084065374227 0.167406758326717 0.0833295622905391 0.054746783549902 0.101207586392107 0.0680774060934057 0.0497642251957503 0.0192096425104443 0.0900256289913226 0.401458899598303
0.10363061352053 0.0590173255960841 0.185542941734082 0.104729986208649 0.0509932448209836 0.105089819699186 0.0671602393615201 0.052834973227098 0.0236533888622973 0.0806967079772123 0.390996068420484
0.103745865229894 0.0456122803316444 0.18692028139936 0.107717839668041 0.0465436106187938 0.111133463547457 0.0613115262214272 0.0463269559944632 0.0197563658183159 0.101976075347144 0.39832665920481
0.142593092120777 0.0664001580317116 0.133880726545995 0.087240734611959 0.0624643395827699 0.109279402229741 0.0655520624823341 0.0468913905570851 0.0190407335133184 0.0935800967741126 0.398141546877047
0.127727633171478 0.0679115360248265 0.147153157789063 0.0913110458010633 0.0575617747196357 0.10297178726892 0.0644913337169784 0.0514404068028295 0.0188415829877188 0.101663172540027 0.405363065225015
0.155425558343596 0.0566809072505969 0.178460797636302 0.0733540844574116 0.0626591272680321 0.102250600431923 0.0625394598652024 0.0428668788698632 0.0174885925489881 0.0752616743446131 0.371168924612139
0.131568402284371 0.0686441966421683 0.141620849851912 0.0964393206243148 0.0563362235521495 0.0991572667847779 0.0616866875117874 0.0511140809969357 0.0200808101676223 0.105195175099185 0.406233740260305
0.142172974719708 0.0569844272574177 0.182797895986909 0.0796618557031677 0.0398965404340163 0.114366782855094 0.0677684783855831 0.0498955227399987 0.0223917438069729 0.0809700814794516 0.384119523043689
0.132216269575449 0.0645616001750769 0.187243620887714 0.0860035926221829 0.0485337538049797 0.117624798185237 0.0563116596311192 0.0512259039863952 0.0231203312845094 0.085231728141174 0.36381636474936
0.158399143800263 0.0601745349741583 0.176374303772744 0.0722233678077284 0.0652455299017779 0.100999961514336 0.0592733591950689 0.0444825306759185 0.0169353304471571 0.0760422293533565 0.366583158228995
0.154673822134613 0.0540386774863078 0.205641642372722 0.069145371424965 0.0349479478493206 0.142144623008763 0.067013723910099 0.045054824362099 0.0159429822558101 0.0710374985227885 0.339407915723307
0.154033815782621 0.0629841332150234 0.156879294297713 0.0681008472381505 0.0598839389198574 0.117512357008112 0.0652911410440985 0.0505486858425055 0.0171748298990165 0.0758625244590782 0.380605613538521
0.153904629586481 0.0512913184128112 0.200227296776111 0.0735965896584774 0.0370664816262322 0.149560416057811 0.0708044871329463 0.0435284591488201 0.0177611125770912 0.0677132038055195 0.334353267882075
0.134717128595906 0.0687739968852196 0.141123420416034 0.095357073257839 0.052845469961925 0.102036407720079 0.063135351257716 0.0487365502841753 0.0213272542458591 0.104636984264486 0.405146503162999
0.153137322418098 0.0544587645515921 0.167754360931201 0.0617222221395028 0.058200302939397 0.125858674236083 0.0708687586730106 0.0449013714130769 0.0168985051217731 0.0684437544985259 0.378868352784126
0.143045901935508 0.0491350450415063 0.174034283921882 0.0743036761636116 0.0395884706536326 0.149225023170081 0.0775436509520823 0.0441672014725125 0.0157513853568033 0.0785098255688136 0.370667599113779
0.163068783535701 0.0604362758600902 0.160637075465889 0.0647494038854947 0.0590841734009953 0.119356141433886 0.0636140055904993 0.0505867882995649 0.0169326220728699 0.0726378640496724 0.372668146417944
0.111686211669777 0.0546192244671838 0.223068351507213 0.070333643490805 0.0507064161938064 0.116287470819812 0.0594745140452638 0.0546126757970574 0.0200929155734491 0.0734711962938369 0.373298681851403
0.13698569597203 0.0679390633513371 0.144037006661724 0.0915888026993855 0.0526049182628342 0.103521749118628 0.0637274796855167 0.0483478113122556 0.0213205865774114 0.100553113862957 0.403322763934062
0.106648838149278 0.0499790079752237 0.175378864186477 0.077663818757729 0.0525625186403183 0.114120729132845 0.0836967415616924 0.0429769817474913 0.0165925096704184 0.091535750855181 0.423646223158131
0.126459899159628 0.0477824499735898 0.190475897794845 0.0725270317591328 0.0393830613550998 0.129129939384838 0.0757206705962643 0.043642734913592 0.0181712650105531 0.0832674445417521 0.394241720572867
0.142099760780211 0.051251614039991 0.207593452746728 0.0642536950619296 0.0391187147372179 0.144919168788205 0.0678411560259417 0.0479704719742674 0.0167954169816683 0.0667498941434109 0.350763593845715
0.15206451002242 0.0502445496624302 0.172176197265822 0.0802180377451315 0.0388627099225664 0.14912707424618 0.0763767106443423 0.0442950812303126 0.0145105843057495 0.07975311341881 0.357306921135449
0.141687859468676 0.053056115857255 0.211464552800469 0.0676574997486477 0.0597233523952288 0.114942999207129 0.0605110083888751 0.0443524895563687 0.0157441312454374 0.0670926371716839 0.351467620522593
0.160055353074948 0.0588156921534008 0.174498400227562 0.0620962078512244 0.0636375243987969 0.114655825811286 0.0584879734357484 0.0499932974396932 0.0180093288938911 0.0689196905292167 0.366240996482782
0.159854286250423 0.0641180945058073 0.155471835412986 0.0675319173876692 0.0629014961264953 0.103605988062288 0.0625070487240302 0.0505039626874937 0.0181681355409567 0.0788773110532589 0.386516382254333
0.147149248925368 0.0506272509696958 0.203572775543851 0.0765546591715708 0.0380563050305617 0.121589508851752 0.0700900896404127 0.0442623575911336 0.0162508961628249 0.0817509304855132 0.362450251507199
0.138482268450186 0.0743469960621531 0.149635374708389 0.0811467269602366 0.0557141977250592 0.100947589545453 0.0623630442739428 0.0556819678512901 0.0187390547106161 0.0924650482069698 0.399726846548522
0.138256983420027 0.0718281073915425 0.155972157923416 0.0773620484850542 0.0547674833886587 0.0990316298029277 0.0655400374590747 0.0540763939901938 0.0179465822066611 0.0905122158180068 0.402781589588375
0.100230437970713 0.0644505549470099 0.250166904221259 0.0853376003050362 0.0595250031254465 0.102339581314903 0.0552506704791617 0.0622883151049673 0.0173184635124397 0.0642302619755846 0.337949918115633
0.151361324182685 0.0507449562311607 0.229973792669456 0.0667236400358719 0.0562850006244464 0.0894986275919537 0.0668580224279274 0.0403549323881275 0.0134183191924885 0.070509444094433 0.355412658664426
0.0913573044524273 0.0657325321377766 0.232119335696406 0.0900683536056497 0.0569004823491989 0.0762126937727334 0.0659941617902519 0.0596765914084808 0.0196565020438609 0.0731417552296354 0.387609297985806
0.115903534238041 0.0455560319520176 0.251074086411221 0.0846959909212436 0.0503076123757862 0.0881723026924979 0.0647309068509859 0.0391677078411615 0.0168051750971547 0.0801168469946116 0.364290441409191
0.155205695894998 0.0663021449273343 0.183214183914708 0.0679122417704554 0.053565871970407 0.106809454439883 0.061064982492495 0.0539513719993344 0.0141739495693401 0.07652471993979 0.366990407082216
0.156874699532646 0.0545818859908621 0.248386423781026 0.0601552947077576 0.0505073347631304 0.101156183591305 0.0526600981357758 0.0426836173063057 0.0152342842210042 0.0651891134204523 0.328338177633274
0.174905615276781 0.0673666418904708 0.165988705379312 0.0697351338122735 0.0544426197808449 0.115017161305585 0.0479398376196827 0.0516269741337522 0.0160786368691408 0.0817012476679271 0.352544122554733
0.158111747374555 0.0531490270343126 0.182011526299172 0.0793467682668438 0.058298844685059 0.0843712973692631 0.0623984223941391 0.0405514182119953 0.0173349372337087 0.091766909795797 0.384710788970792
0.201198372703974 0.0574538931812618 0.172270174094782 0.0635622082977944 0.0457635363713455 0.131072115977517 0.053534623743702 0.0398920950242401 0.0174372478420816 0.0727464005658871 0.328679699373325
0.186792800356262 0.0602734790635421 0.171359251163488 0.0622262753580825 0.0462779108833318 0.133229472731456 0.0581312626704382 0.0383168066488265 0.0197595875249851 0.0709807079839998 0.339840810443837
0.169433341922452 0.0437351577941426 0.199425080597199 0.0702529585190047 0.0403596130341721 0.137303923722062 0.0649884055260371 0.039302135846937 0.0144282181108857 0.0770509541166875 0.33948992441097
0.160926537113648 0.0621416571663733 0.179473388267183 0.0701360730060388 0.0535464896016594 0.116999640806925 0.0515048283375471 0.0494586612591499 0.0154474003386666 0.0816569637144494 0.356776214038172
0.12656819234231 0.065562412260988 0.171874532593157 0.0781401800638121 0.06522860247589 0.0786801348516216 0.0639892527339787 0.0487403106465168 0.0198767196338557 0.096279210667456 0.41394594541222
0.148610450892536 0.0527177277086097 0.179120344392974 0.0757367417777931 0.0572518102395266 0.110111175455751 0.0681660909661552 0.0384206934732229 0.0135530466656143 0.0859633194875252 0.376451749532807
0.150444075438388 0.0580294247084683 0.179687895829667 0.0736068603315106 0.0581373110117091 0.107339302590165 0.064490654279687 0.0420902433961012 0.0144488267382015 0.0835208618210326 0.372755130090091
0.170366971082044 0.0499502881138114 0.163946132046157 0.079308637449032 0.0451484641543439 0.11538199291488 0.0771931888478411 0.0384253230679354 0.0149276652535552 0.0858880002902341 0.375897514239732
0.160610519947596 0.048586793445863 0.175758152066732 0.0719404447823856 0.048876275417813 0.117845285750426 0.0700638552599308 0.0380930080257861 0.0165220244469899 0.0859718991693001 0.376382528589184
0.161688129725074 0.0673105976140022 0.162361706468391 0.0770076785113189 0.0554163400626297 0.102330867876346 0.0529544797984381 0.0522197930305025 0.0188674522781437 0.0836875451260033 0.373884679742238
0.145425580341787 0.0555310807094764 0.174026584992872 0.0795508743285078 0.0556595230779814 0.102974303277433 0.0663917542466841 0.0424157588170297 0.0148951126013539 0.089630616151943 0.386832053271942
0.176830691613732 0.0497008030482813 0.159409030224937 0.0779486738419394 0.0468516467997505 0.11693621039917 0.0782668733333444 0.0418744765010657 0.0149444000126274 0.0812901981008485 0.372322944072191
0.179211073559922 0.0547582973536608 0.186057869210203 0.0652094044286255 0.0435458636792724 0.136102606531706 0.0575265752257964 0.0367562468155724 0.017038359580516 0.0773745450618348 0.33511488523661
0.179466679327672 0.0544065995455011 0.18759077704586 0.0697360592115328 0.0488859267116779 0.129727578406254 0.0550199339249498 0.0438963436280553 0.0149226588284356 0.081000581613379 0.330186379751501
0.122497186091956 0.0637677053202248 0.167265086220037 0.0852895101185406 0.0659082360525262 0.0842593814271856 0.0652324149611754 0.0433520643857839 0.023785151619989 0.0975363124572719 0.411012894769528
0.148640826541671 0.0645855252516754 0.169818696592633 0.0811885891680956 0.0529051555713484 0.0982180230844128 0.0545133380456216 0.0526907981428286 0.0189201474456689 0.0879428345551125 0.384643183790165
0.12180616498797 0.0598017737760979 0.177037775090641 0.0872700683681898 0.057064667445125 0.107453236137363 0.0582705293419272 0.0480647897382624 0.0162802247922423 0.0972689668677753 0.389566314194614
0.134727925143538 0.0611273756348731 0.166932099070081 0.0820368402620324 0.0542172062648626 0.0967246259757635 0.0593640861177332 0.0502040275679998 0.0209295994286898 0.0935145420938009 0.404233927648851
0.122267336323716 0.0610329693632395 0.174209232550916 0.0834110830568866 0.0542626661858182 0.0912255662805389 0.0616490855745174 0.0510310690394621 0.0211133561586991 0.0957476831494026 0.413591146238884
0.144641053099089 0.0488691633925408 0.159157168157074 0.0981739043441601 0.0404271707752274 0.107947915079481 0.0730549610461963 0.0365867989299825 0.0175859756411525 0.108661349338256 0.400783625152426
0.133676012653491 0.065141466983405 0.170774578366996 0.0866693248983309 0.069311718548055 0.0939253060925968 0.0621275118837254 0.0476359432772729 0.014715772975218 0.0914619395519866 0.380501592457124
0.134553769343519 0.0581875435505572 0.167060610307582 0.0873312491029132 0.0517424087948175 0.096662392926141 0.0586550009136355 0.0489302992801917 0.0191439813925068 0.102350477516473 0.404462025974471
0.124684949066501 0.0688673792468928 0.156329009187224 0.0979626666330725 0.0562078954404618 0.118980875089207 0.0471315408112278 0.0551368125123867 0.0165257413239698 0.113460386935586 0.376967225336638
0.116795224572826 0.0590233976976019 0.168887446267667 0.095443767834486 0.0619396797474639 0.094136075579796 0.0707306673757548 0.0423937592379415 0.0172178898781238 0.0927246557318159 0.403774408300159
0.119944106233963 0.0640611127284999 0.177141464693643 0.0974025522744014 0.0579651518122468 0.120431997859277 0.0435071891946385 0.0556236403134346 0.015109524493905 0.110884394167531 0.363053614397968
0.105568018123973 0.0550422601226753 0.190171038490345 0.0972051417997995 0.0474523986203031 0.0961015487838692 0.0709291344507021 0.0422133441344292 0.0212476654983119 0.105491614228711 0.408459594059035
0.122378406795218 0.0632508005331015 0.184373596962521 0.0986353943405582 0.0473270271358876 0.110850080094779 0.0631390165947338 0.0447543100098791 0.0185192303571981 0.096956008780815 0.373184694137933
0.113775919403642 0.053938270684361 0.192505137272601 0.0926345944176434 0.0409632766662076 0.103969619066969 0.0700881537741815 0.0400381942381978 0.0208663210820516 0.103848067242505 0.402213182488575
0.116446274238071 0.0529158237015526 0.155836502039207 0.102611018118333 0.0586229510812599 0.0921740393269369 0.0767926976164643 0.0364129115458932 0.0170621922129489 0.105380157451849 0.421393391494641
0.108592875653158 0.0381167888055943 0.247353390125033 0.123051553773031 0.0384487377383195 0.100219192651878 0.0644335166969232 0.0319076133139135 0.0167593977579494 0.0978521589852282 0.344217461252986
0.128894177087663 0.0587395683207284 0.179307840328977 0.0910977465276581 0.0557083487056882 0.135849045013723 0.0473568129235008 0.0462312574796138 0.0133673858339493 0.104556607248208 0.350403274015563
0.104116504335466 0.0392587655584751 0.194398898232931 0.11247461198211 0.043517759390425 0.08936765761462 0.0807110326136702 0.0266282447284989 0.0186411536113468 0.115173757577641 0.416865802885972
0.129523600231404 0.0621923872062792 0.170346455391311 0.0899026918937525 0.0579823531545858 0.136362031665522 0.0435859582164129 0.055135654590028 0.0142886794926579 0.0996327579310099 0.353690480457145
0.127003989944179 0.0628923337227957 0.171730957117469 0.0927602250047039 0.0575311643673335 0.131494794681455 0.0473867682201439 0.0534855370373467 0.0160684907411158 0.0978335899708526 0.356586535162062
0.124550607424945 0.0670766062734808 0.17116933739632 0.0914978885000377 0.0607955329651944 0.126200777619411 0.0422317922318538 0.0606766010564304 0.015082089788821 0.0977239632057677 0.358709249820611
0.157468263228961 0.0698278215130484 0.186300763372513 0.0669165018067126 0.0561198404109522 0.114373101630317 0.0532300569086235 0.0557432116902739 0.0141657261911434 0.075915397046511 0.348993708037497
0.160304088564336 0.0645247293797883 0.180252902348857 0.07255429397052 0.0530203896919882 0.108984692949679 0.0503521057521547 0.0514697823592144 0.0166313569830417 0.0829903575206815 0.360358903094831
0.151443220035735 0.0742961043956376 0.17995131946151 0.0715592483743163 0.0546044657207812 0.105920554553187 0.0569538876533048 0.0567237858873068 0.0148379803009972 0.0818558007795627 0.362225087458835
0.163134265809611 0.0654886279564743 0.171432685110692 0.0643993753691986 0.0554564170693055 0.105968410076685 0.0625805122069216 0.0520579708969287 0.0160587078186695 0.0762380456720854 0.374120218608034
0.172092925197463 0.0690503253077307 0.16155195606652 0.070893454080095 0.0576318543071392 0.109254220336485 0.0479749235030674 0.0532657833050182 0.0173155130454654 0.0811739053821869 0.359525264704568
0.167430528195619 0.0694578407243144 0.163651741358812 0.0747106438250201 0.056284818241707 0.102751564820194 0.049194593167613 0.0527771940254566 0.0176441031360836 0.0843390190487713 0.365712862834334
0.151864158417625 0.0771654249224776 0.17069532312242 0.0687673781412461 0.0605371890305316 0.108753865543584 0.0558543772378577 0.0583986173865512 0.0154304940325372 0.0792299182469407 0.362216660822115
0.143547422722174 0.0829614026421087 0.155633730845046 0.0769313993828452 0.0626887247510848 0.102160292766214 0.0566078706401562 0.0584846873308376 0.0170288772771583 0.0870484533072428 0.376077026890527
0.162326535127743 0.0664439779950157 0.174682029272685 0.072294827431978 0.0628592806098799 0.100068844952123 0.0604289600507629 0.0532674171756516 0.0189645947381411 0.0656293384006442 0.361324504610576
