0.120488461107867 0.0683009873950306 0.256656433767303 0.0904644995679597 0.0656707521202561 0.0838006927532602 0.0460208550489052 0.0318107737895451 0.0168522007821312 0.0988096433731562 0.314618173288325
0.10984423498494 0.0758405786665848 0.227447253797776 0.0930702487012063 0.0644867072051748 0.0689225190114384 0.0316677331526478 0.0569789757320772 0.0197487599067101 0.104993400776303 0.360388457632878
0.115219447545646 0.0604336968194716 0.242360181185228 0.099801605762799 0.060055320458861 0.0807452491913695 0.0512057271227491 0.035735855726568 0.017508758117526 0.107766514932588 0.341384499036627
0.132895294965268 0.0718739827910323 0.254449351755727 0.082992549093127 0.0743981223461256 0.0869718773769464 0.044925246624222 0.0300596083465731 0.0146128546936151 0.0917124616562293 0.296418821671774
0.132611136334086 0.0689608107964821 0.260203071743505 0.0815993522926824 0.0718966326318812 0.0873349549894105 0.0464518072411166 0.0282183914138141 0.0150106965707344 0.0901319867158238 0.297394041211953
0.107594770072964 0.0642972360468051 0.253912178062343 0.0923831201444699 0.0525709654166871 0.0943678988785771 0.0400227480994638 0.0444507868030701 0.0199005218897206 0.100339041577327 0.334873831378155
0.118778075362965 0.0634976936518305 0.237554739140516 0.101658013502935 0.0672711747912438 0.0767255147225723 0.0448085491615173 0.0359818733680452 0.0159696519350886 0.113419720657555 0.334514788827938
0.137154395554657 0.0594274857667707 0.262155886119235 0.0790321853286779 0.0669118073819669 0.0988744672514179 0.0516942051506803 0.0284980691855445 0.0147319443011139 0.0825044741603472 0.296443772597273
0.148139644921469 0.0763704558511553 0.203436961435025 0.0746282776137968 0.0570401941330151 0.0900290583387151 0.0363108851122927 0.0586802183351312 0.0204009379188901 0.0811347871203685 0.350355407706823
0.134767805952218 0.0732414186528561 0.248258648693427 0.0854237697234067 0.0750805861829431 0.0839970427425492 0.04498140432019 0.0295516454701603 0.0152264571769909 0.0947234288218489 0.299230728052599
0.131035782978122 0.0774413362781805 0.225031732933107 0.0776600642128784 0.063582005296606 0.0944347467884938 0.0326686028218632 0.0575758817562452 0.0185522968077576 0.0864395636640655 0.330814331512613
0.137290180507577 0.0606184115643107 0.250362784550561 0.0798870710684963 0.0687675403386342 0.0992842156271824 0.0494189155853416 0.031077538338321 0.0149297469794832 0.0868695892348377 0.303789796343237
0.117195098035726 0.0670725944982335 0.235911746580761 0.0928190147050653 0.0648802064336023 0.0766835342435586 0.0383623102271318 0.0482702030102388 0.0217568912806658 0.0998593102273494 0.345437805503056
0.136530845634025 0.0652991566378187 0.232642295439118 0.0814901021542347 0.048742929529998 0.103567258315512 0.0362421663697215 0.0509787280447254 0.0186558067933066 0.0879622107896124 0.331727412289293
0.133141736139087 0.067291935941266 0.248522868281627 0.0885621380117061 0.0727286126138758 0.0871255206300068 0.0449773012701122 0.0291550915711655 0.0151054391891519 0.099263366373827 0.302627188382431
0.112976752954181 0.062456332325059 0.236860907989362 0.107586928465693 0.0599418565605435 0.0815594418021198 0.0495953605291383 0.033581378721752 0.0163943798837799 0.115528937260863 0.338617779903041
0.126041228065918 0.0909246940139518 0.220285103718415 0.0790695971749894 0.0842916289446593 0.0750562305808625 0.0271139690190669 0.0529620380984419 0.0181410339100694 0.0882270986155577 0.324331517501205
0.132988733234577 0.0691009874549135 0.243591305393011 0.0905251979163647 0.0704789903404249 0.0863041011417197 0.0455634345729849 0.0292956255089404 0.0160831732909212 0.100560895803304 0.307010684518988
0.135908865518309 0.065648106994409 0.249934888929674 0.0905015531588979 0.0693631071820302 0.0908091073164341 0.0428897826522603 0.0277418019965866 0.0168969713033277 0.0970339318785794 0.297834370900244
0.121133782005563 0.0608830340637677 0.230708724791918 0.103988580973074 0.0635021258574074 0.0911079017808252 0.0385041657917443 0.0374651155416338 0.0157861161301961 0.115582201567963 0.328675850527444
0.130240534953908 0.0672077587224866 0.250725313183588 0.0919583942730196 0.069491977050351 0.0856959653409344 0.0472650820686005 0.0272848766924672 0.0156489860182063 0.101468891762205 0.304680056475713
0.141651553061216 0.0573787202993613 0.247549173606524 0.0891340673674193 0.0567426693032207 0.0918051967708243 0.0391079629299848 0.0348745458431159 0.0184139323334602 0.0976098092276951 0.315738619591434
0.137110193585436 0.0724916335696286 0.221603986347643 0.093618384062877 0.0628512643011502 0.0874703034945958 0.0258164928467779 0.0537675044061109 0.0168068213911728 0.107638979215011 0.32485423463867
0.142089313457998 0.0616002741042857 0.23880754246992 0.0798955735148043 0.0656837360781739 0.0980016132959559 0.0451563996652059 0.0357149926124968 0.0161084994061619 0.0876323239592863 0.313921947078863
0.149870665559401 0.0652293839912981 0.237099637718725 0.0841956363561069 0.0667526867623092 0.092901221517562 0.0315609075939328 0.0410413077995431 0.0155578020303479 0.0960995064644712 0.303950768094599
0.152747016575081 0.0632844731800117 0.222835505674954 0.0882991544090559 0.0667621788997488 0.0920855571893277 0.0375245349981405 0.0340348707207542 0.0181037730224245 0.099328554452109 0.313986114071819
0.133002193443324 0.0683042152819816 0.201003711416053 0.0996978094020598 0.0645605633782727 0.0935593489499838 0.035318517410272 0.0400797614747354 0.0178186961844275 0.110330313341928 0.339872158128324
0.129611408208869 0.0940475852761725 0.21712736828582 0.0832860956483906 0.0781754355366922 0.0747676810817667 0.0223139873808901 0.0584663444653827 0.0174821774262368 0.0947617058436179 0.322984425962288
0.160607520282563 0.0620609864111787 0.226116823902669 0.0823462913449486 0.0665953298759562 0.0971162916777091 0.0351597303721372 0.0382361452602505 0.0160486782457854 0.0930373539877867 0.305156756504974
0.141471996966869 0.0888506760618367 0.178363322855879 0.0721303512104622 0.0725875846898046 0.100432335999536 0.0318171309354776 0.058531358251866 0.0206545110115698 0.0824944636122113 0.346163732215613
0.160815722236508 0.0614874876544097 0.226434127249465 0.0840578010508054 0.0657934214861187 0.0910892377716312 0.0348211144082149 0.036681572081456 0.0186656059852694 0.0939764583969109 0.310322202551062
0.126909348774067 0.0774269935883231 0.188427782956768 0.0963339569822987 0.0638450765106016 0.0762226655544841 0.0286179698785729 0.0581008445403379 0.0221071506521561 0.112210937488241 0.370834175633459
0.137313401721382 0.0672892810935301 0.199596177970533 0.0929852593297692 0.0799203947524876 0.0730827449163938 0.0301960726741183 0.0444637388555982 0.0221632223331821 0.103369788219159 0.349812740215905
0.1283004186968 0.0790998480335261 0.204898113417931 0.0921398085935884 0.0662940031854657 0.0731135793203884 0.0300145839519189 0.057181108142913 0.0216212400124861 0.102722248112812 0.3561542287523
0.166960722447133 0.0610399817879894 0.230952016245819 0.0711502119237832 0.0621492184317431 0.094505906262034 0.038573058609898 0.0433641262621759 0.016027783586394 0.0800564280828981 0.313241942901499
0.150735759887983 0.0619074034300742 0.234856243015154 0.081695026337171 0.0670444762610084 0.0865626977385658 0.0458212253364769 0.0327687222194707 0.0159969829959144 0.0872107040396469 0.317198393330043
0.153281079734451 0.0681542712771031 0.197143454469475 0.0808822335927498 0.0555244598069506 0.108908128490986 0.0314485306826684 0.0504243789203719 0.0214599585107849 0.0909903056268331 0.336106372628284
0.155341703887685 0.0671145234950343 0.212987048699221 0.0864963886258066 0.0718591813542134 0.0814164334033546 0.03824197153443 0.035016778844408 0.0190109713135809 0.0979142526423744 0.324784720534685
0.153593325799669 0.0613803782893112 0.230365848506561 0.082258076709099 0.0658623034701993 0.0906740222223231 0.0439111105732488 0.0322929720700518 0.016308318056954 0.0886020387844445 0.315866045002835
0.152962276101758 0.0610727261895732 0.227568778784559 0.0828376116364398 0.0668723883968439 0.0903962252003379 0.0444312599660173 0.0318110018600126 0.0163701463078333 0.0898583021612056 0.318289993690487
0.167489559549496 0.060263491581362 0.21622227118322 0.081032144911871 0.065754511703127 0.0860437367258271 0.0387265502269653 0.0381257666986371 0.0176270721338344 0.0910052595534041 0.323194284345096
0.128241706276835 0.054651520901565 0.207386844101937 0.109617322784977 0.0586574624161627 0.0728309387101099 0.043956159715142 0.0389761658363901 0.0202379057351125 0.117669712933751 0.368614204808412
0.152353112084957 0.0562529822343768 0.213661315135247 0.089765172710375 0.0632038750506604 0.0865437337652678 0.047541607332905 0.0319236945891609 0.0175634173851448 0.0978154847576515 0.338219809019117
0.169264623243873 0.0670215322847383 0.208494472083218 0.0738930938591361 0.0601099703792381 0.090689319915207 0.0446126538651649 0.0396194151068376 0.0187179640260431 0.0825417830997104 0.330526988234589
0.157831177583756 0.0886806911611894 0.198939505893221 0.0787406814867567 0.0636124070713717 0.0752725413608194 0.0268529381787756 0.0684902068375452 0.0222820655255201 0.0898875499330737 0.336922995442886
0.159776242237335 0.0605311715139598 0.216266159979092 0.0911556657011924 0.0637735614495367 0.0756343794856606 0.0413045248411908 0.0348024452023507 0.0174886147194651 0.101507942166583 0.332862819633222
0.152613183711649 0.0632008612570841 0.210973826826251 0.0901448541286531 0.0665610370259525 0.079503894719094 0.0401461740779537 0.0365716381611507 0.018426400704539 0.10083792253084 0.337002342331317
0.132606026452086 0.0636447248050461 0.235466238117268 0.0952013100510868 0.0606870580681363 0.0670732420899297 0.0359312361331208 0.0439580202420011 0.0209455817509532 0.102102764790534 0.345321400416448
0.128510125809069 0.0657993041460359 0.226127246680092 0.099956539284144 0.0616308298551744 0.0600204677663751 0.0339581881783754 0.0479041976880507 0.0195468569176965 0.11434897545272 0.35795548645911
0.176079982234068 0.0697350966752915 0.215860288454285 0.0722441337585173 0.0600957497167934 0.0923755124128014 0.042835889849556 0.0410900903071453 0.015135759348312 0.080170731565769 0.313609236748243
0.122738909312473 0.0625474686705544 0.213038934507845 0.0989123500090767 0.0677764514686545 0.0694843974373684 0.0393690533215086 0.0474890426410494 0.0209305991593575 0.107646638667138 0.365501488594027
0.157394107296781 0.0655394752316984 0.202975551515213 0.0894597527204092 0.0686499664168724 0.0773587006908106 0.0393521251252862 0.0373041523499172 0.0189864638023291 0.100369126681485 0.338622446128215
0.154634127931563 0.0587203532842357 0.216617819913636 0.0827174202117541 0.0508485306580272 0.0917314826015942 0.0542015040242829 0.0361911517006072 0.0170231199609583 0.0905693113524915 0.34473026539919
0.147136905884681 0.0920434692587246 0.18411386282522 0.0764197025351738 0.0751137359209411 0.0778810480909734 0.0297069842696629 0.062245799158141 0.0209206297066227 0.0873772640003582 0.347291275484288
0.117001678143524 0.0669890006968349 0.197441023513171 0.105733482413578 0.0569674586130831 0.0665291592669845 0.0443399887971128 0.0507965868868348 0.0236673026948038 0.114810389488324 0.389338197352824
0.136928476876314 0.0882877742039339 0.19094937855759 0.0830407053442451 0.0738077873081415 0.0801186141920152 0.0283526714952926 0.0620933866794931 0.0209260151534301 0.0922740796255282 0.34686726351776
0.128311142455442 0.0812341464080561 0.194003990322137 0.0913072888891087 0.065515314001687 0.0659125992616179 0.0341435533737352 0.0650002161244874 0.0245297578346683 0.100413160211804 0.373715518661952
0.130857487934 0.0622000228116313 0.231092212609995 0.0910197604780045 0.06161641053567 0.0735839490240869 0.0361751009497861 0.0445011828739511 0.0214755309161442 0.0973855485613657 0.349630156606612
0.159105054407576 0.0571860094826777 0.213326325271305 0.0825137902970293 0.0498883788267218 0.0987148587625603 0.0526509951088473 0.0355411099902267 0.0172318917246377 0.0908136352174256 0.339265582952129
0.124676414109104 0.0469416030997697 0.234390153034369 0.0999554938566518 0.0543032299059776 0.0861759443767928 0.0485994161308145 0.0363626745723778 0.0208065325897113 0.105327414218702 0.353557161617336
0.133458221121072 0.0538946941850839 0.22943869903755 0.0958163154738852 0.0618826862248631 0.0815703453546456 0.0376771694953256 0.0403079134138672 0.0215142897324169 0.104125271974079 0.3439390386029
0.117877708938504 0.0645380007964745 0.223168558512527 0.105031988353616 0.0559315181635062 0.0655551161354504 0.0403749254714605 0.0471085391827118 0.0210632820336575 0.11319018572585 0.367897109099921
0.126894245100085 0.069871908335511 0.199755555717797 0.0887624491794564 0.0574401612675439 0.0851183249187542 0.0352576340224255 0.0587874742089736 0.0257654338060339 0.100081327727564 0.372157355480853
0.130372568350692 0.061817871239512 0.208300941330154 0.101971379619475 0.0582516442905165 0.0746903682391144 0.0408934087264076 0.044781025799224 0.023550111172787 0.109488435574248 0.364595226930537
0.153546951286993 0.0552850106508158 0.208233989826496 0.0820237845719922 0.0473318248116189 0.098135151316376 0.0611843017246947 0.0349716876286285 0.0161615871528489 0.092297972972321 0.355443287535706
0.124236973866886 0.0576936243329013 0.246111215328605 0.0868225366192961 0.0584316319136633 0.0761361093896102 0.0385528878844166 0.0469145596251673 0.0217544241420134 0.0890573007164136 0.350567908549039
0.116338432850616 0.0464081370489578 0.248839300871813 0.0948977920869022 0.0540342597765948 0.0819873978249891 0.0495903553320981 0.0377809897542368 0.0194752589103858 0.0999639107314822 0.357494679540127
0.145613173112179 0.0563515864099844 0.192959393255218 0.0940405439840608 0.0519220935639798 0.0974069457115508 0.0540012437825675 0.0372999790744755 0.0174063654020731 0.104387231862577 0.361706263963027
0.156928545711828 0.0588119604468056 0.19651728198575 0.0816016157480738 0.0501841638310103 0.101072723099855 0.0616469657604045 0.0356786935616778 0.016433958960522 0.0916629195943584 0.354883709176677
0.143295293307293 0.0515811042278804 0.222784250771406 0.0874298467479101 0.054681900855381 0.0957493984051517 0.0501853066535695 0.0346548261464291 0.0166054064582173 0.0972921201456196 0.344478205684976
0.162894174918712 0.059456515952601 0.199003973518756 0.0834507757714232 0.0464045859488069 0.100326415450527 0.0608859560487145 0.0354368452342258 0.015991336185933 0.0931348415210556 0.348463558439175
0.113284264193541 0.0718987232690989 0.208202622013807 0.0928416337585645 0.0531346833096155 0.0685118176388067 0.0411149216681686 0.0630817933308473 0.0223143173588161 0.107646312937485 0.392126255816565
0.121502757429394 0.0808426568270668 0.196245026326147 0.0874770866444983 0.0598087316954925 0.0712083558542577 0.0398972676568221 0.063950627207386 0.0214486276215244 0.0988246257490518 0.382915385223144
0.14394029773543 0.0528712193393186 0.216626406505239 0.0893207999063994 0.0563716703481435 0.0941472400947095 0.0502728562174733 0.0356829040063409 0.0166312059237431 0.0996081269996302 0.346722366070762
0.13578122024265 0.0605336073556372 0.200104939143648 0.0893395313630952 0.049848469002297 0.113321136197808 0.0439205623333301 0.0516314930488289 0.0174269935709284 0.0961658347393897 0.351071096694865
0.146664036448349 0.0513445518899352 0.211744090306762 0.0939952118529679 0.0509368078138986 0.100578229767514 0.0519758399624388 0.0378512621038125 0.0166475849084158 0.0973246363759921 0.344737071920573
0.130474402241961 0.0549162865235426 0.201293410553878 0.0924714081576073 0.0534620847757949 0.115698783901846 0.0441243334559463 0.0511616701417291 0.0179765288526455 0.0923702492728465 0.351683623845369
0.156890082994585 0.0589058666097764 0.209834735677959 0.0859260455778129 0.0460360102984715 0.0975294472081301 0.0587093734421418 0.0350356836929964 0.0159610891611635 0.0945057093914275 0.344877811633266
0.138316277224814 0.0451768766481158 0.218629451914696 0.0912481349717098 0.051814684317918 0.106485686329333 0.0543053412950531 0.0357773238785294 0.0133695420047506 0.0988135158474591 0.348328888593413
0.129199923706796 0.043546274744665 0.215649469421019 0.0982892601348039 0.0463953828022519 0.0967562889798061 0.0567885669979912 0.0374595897567398 0.0162036809083715 0.105995660186467 0.370163400210658
0.150563559881165 0.0515845437456333 0.209516081211035 0.0904978903768918 0.0517957795431919 0.100858304027498 0.0529707098985011 0.0380553822316711 0.0154774669412993 0.0970861557353766 0.345183841214584
0.116638217668193 0.0522310257391324 0.20844828538384 0.0715023729316147 0.0441713951221541 0.125742453876964 0.0646078437857264 0.0508769445311822 0.0190952983411098 0.0723202557172535 0.381266249278101
0.151787909004811 0.0544105043433786 0.215768201304114 0.0863530439745008 0.0435735676827225 0.101293775017035 0.0592807898061896 0.0340353490276438 0.0155120216518802 0.0961562144889051 0.346812998673436
0.107646840246789 0.0545484284435156 0.199426486117801 0.0910624425581701 0.0462904191007977 0.0973010771180264 0.0670719617542593 0.0456144525136728 0.0169809438790599 0.0965173190343181 0.4037243064149
0.0999752345089863 0.0500874181172513 0.210251531797528 0.0912329717050201 0.0474325234801647 0.0930349693740591 0.0660221597438993 0.048936498679245 0.0209283535790748 0.0977804728379487 0.407985351016991
0.109540534080239 0.0573235542000413 0.200445159836701 0.0846428083964265 0.0510112105789197 0.0950322735360605 0.0560991941623231 0.0559766478295912 0.0206620395624995 0.0929869431441347 0.402004459371614
0.135421766078653 0.0519176447843743 0.204928982822757 0.100725078766954 0.0500718110240363 0.105606133889593 0.044849195362288 0.0463185024315241 0.014604348687343 0.105817002868424 0.351328582633632
0.154396972012723 0.0510441573171968 0.221626641662068 0.0826558622533652 0.0545081369590641 0.107735222685025 0.0531196602943306 0.036277133439398 0.0136830731808807 0.0896217433738225 0.328033007110557
0.151490057488902 0.0520143893073438 0.20657543595387 0.0929076930383322 0.0522225701560881 0.108409768309603 0.0501941492982376 0.0382658185180644 0.0151547066740373 0.0972840462591568 0.336380085745862
0.154361078093341 0.0513769794812319 0.208746222816693 0.0899722625739907 0.052566910138714 0.107221200279889 0.0553930055266611 0.0379809384455316 0.0133330544635558 0.0887562706764094 0.335755346616141
0.12714512557602 0.0547417479608326 0.217786715006783 0.105952036583433 0.0526630177643616 0.0951532421231874 0.0362647947741497 0.0447069425761637 0.0148910747959721 0.115914871239967 0.34655811498538
0.151494162068199 0.0562006519309011 0.216506043575846 0.0825265684112156 0.0454625245601501 0.106061312506706 0.0555297116478145 0.0429204306829093 0.013383179063558 0.0897930422801752 0.341748736946984
0.146510626011397 0.0547057850616377 0.2132354010155 0.0880955036930051 0.0464997758499096 0.0998906682029903 0.0584644550794467 0.0423587460447335 0.0134045913503872 0.0918012845384337 0.351062240165558
0.112189817419908 0.0569861197717061 0.232242051987111 0.0693811965475548 0.0591358423237295 0.120816548928129 0.0559965686806785 0.057354508605422 0.015338058245069 0.0721358374653325 0.349248423021861
0.125241801637209 0.0417522189083687 0.248788711544382 0.0953509722391162 0.0460055390902742 0.0980577842617326 0.0546950733180168 0.0306219035092997 0.0106994214238949 0.108633742165407 0.344802972318918
0.102924484386566 0.0601155989486945 0.231452910684633 0.0827150102790305 0.0502799260759291 0.0911103224902727 0.0630359009016329 0.0518719546216156 0.018662629750825 0.0923968786126903 0.381401747134874
0.100208624421011 0.0413571141961406 0.233591084961562 0.102796116541453 0.0472733567890467 0.0846838590954693 0.0691242614297926 0.030150776273339 0.0149337883043094 0.119496084648868 0.390089843995317
0.157735427879586 0.0492655473613573 0.237988303572174 0.0838048880977002 0.0440733417366325 0.104540903401213 0.0530767791562081 0.0348200087966448 0.0109323254216541 0.0925957892518221 0.322591587951336
0.12853583654188 0.0426297394727306 0.259520597937009 0.0918304327977531 0.0471927900096248 0.101499690309884 0.0474392530896424 0.0305200157852111 0.0133345733150165 0.100893696495709 0.328790912931118
0.167864184170079 0.048261555036269 0.23710980205565 0.0680455377061291 0.0436494797486124 0.133027006217553 0.0457162047983617 0.0387842959230661 0.0117057592750158 0.0765237022372106 0.302042435065707
0.127576293518979 0.0385033454641333 0.249150644662041 0.0944845460622769 0.0449034953057686 0.102852038671011 0.0540913909063553 0.0293364344929892 0.0137557760458285 0.098782860617537 0.342529636315789
0.12293838256647 0.0524778937022969 0.2188367112364 0.0937366184150769 0.04037387402039 0.112229804176972 0.0469796169315149 0.0458240131609423 0.0187451077005643 0.0995643921478181 0.359406715882396
0.120011504871502 0.0520721704712942 0.224516445646759 0.094947210284758 0.0378017266241916 0.109368090868928 0.0513377063147652 0.0387902065338933 0.0193376940867228 0.101266086694774 0.361282851232568
0.145088510477086 0.0406773180062357 0.248793510751885 0.0952488483152208 0.0434665355040365 0.107058829775168 0.0444402117616565 0.0342866139181262 0.0116631281879307 0.0999867551429755 0.319666447170368
0.162088975431619 0.0444521254608808 0.242888625791354 0.0707269454252315 0.0408833405372523 0.13132942063502 0.049369891406993 0.0358156960494668 0.0108470963283401 0.0808780305259 0.307630566718643
0.101829378516722 0.0526838592164141 0.220539967062789 0.0932125837156107 0.0467944754871295 0.0980232640922635 0.0604808332147795 0.0396103071650347 0.0179518493177405 0.0993380679674526 0.386916471909073
0.136248819253226 0.0382842635551945 0.255119910296084 0.0926255641290895 0.0378059521620171 0.12063529438695 0.0561423078320432 0.0260177444900147 0.00988084805674739 0.093920338947628 0.319280196217438
0.140861812397277 0.0437156297848842 0.266323136222968 0.0862866156369792 0.0421795904675875 0.112722061089374 0.0516947270307224 0.0281492060607368 0.0100508026012939 0.0888723441138881 0.307911154400929
0.117071593790701 0.0503841613567362 0.238100722237404 0.0950800630741339 0.051218871608471 0.104027513973558 0.0432126061582968 0.0435409231401565 0.0132692095621872 0.10272467265343 0.344117073958997
0.1079218205566 0.052039992190318 0.215708906396692 0.0979705050152669 0.0447987215867229 0.0964726897132094 0.0626581194019796 0.0412175701333443 0.0165833143471982 0.1044550447623 0.38508736454119
0.163593883184548 0.0506307553976552 0.237705745434294 0.0689620590207126 0.0471329624116124 0.117271181820648 0.048691910849285 0.0387203931833974 0.0130062512927151 0.0788250628673093 0.314703412730528
0.127987477877028 0.0412851331708192 0.263984452591198 0.0863632125476555 0.046450100824855 0.104742273993656 0.0524647670674611 0.031168301543674 0.0115553364589104 0.0927503503538839 0.329187348994788
0.126252932510346 0.0500178686276068 0.223953931165181 0.0920527927505828 0.0498763608172955 0.109218229090696 0.0484528915551328 0.0436907861312896 0.0138250621428471 0.0979463442792753 0.348627885038292
0.118834896961736 0.0508563680215116 0.227234181803484 0.0927913024279832 0.041087868442126 0.108763650733281 0.0547761153286757 0.042999633394155 0.0156089818507422 0.0988906987681802 0.360431731609878
0.124117742774275 0.0574425595930396 0.221192726220584 0.0909223586834598 0.0498237002810229 0.107982846738181 0.0449407047003443 0.0486593021159586 0.0163579812577535 0.096934675646774 0.348518065709437
0.1037240797882 0.0484683809630357 0.20981317081734 0.0893199941672253 0.0492842570205304 0.110646936890718 0.0640429157415718 0.0413457075065342 0.0186277853756167 0.0924546316834398 0.388743180352949
0.151027361970468 0.0508203738721817 0.238574205251492 0.0728330189065259 0.0476958107972352 0.110945126410249 0.0509317484828526 0.0383911853069597 0.0132100774300189 0.0832025219081216 0.328104102791847
0.136493600043167 0.0400221244069524 0.239318809118556 0.0892307811467443 0.0384356842962962 0.127941825549857 0.0527304234106629 0.031892171175445 0.0117150107600913 0.0992476276705138 0.328557175438428
0.157919624694814 0.0465836434331932 0.230947724021153 0.0732099999603196 0.048432686465437 0.112206040108304 0.0516186993866389 0.0356518456168651 0.0149759065170684 0.0811672142849606 0.330700281316779
0.1603094479792 0.0483205168522125 0.229754748973532 0.0710122185630413 0.0489931233221989 0.113256922984391 0.0522738135876419 0.0355526216799082 0.0146487359833547 0.0797622309426197 0.328353021325424
0.118006429466147 0.0441658131243327 0.242340413469197 0.0944522117581303 0.0428430895370318 0.0987395602171412 0.0608447258544007 0.0337427951972212 0.0136235701183348 0.102143001302328 0.359452482428019
0.117688059774178 0.0511270061096743 0.240608350439936 0.0838233388071664 0.0555129392698635 0.103712480219691 0.0574828623475024 0.0383134157633246 0.0131913801482567 0.0925915917164008 0.347527825379491
0.157143131506795 0.0462538916384494 0.239441757346961 0.0742334529179195 0.0466262105187201 0.110131684765187 0.0518828053320288 0.0340483132970947 0.0148747333738977 0.08254363294635 0.326169871305967
0.158445019781285 0.0500139831185305 0.239498073635131 0.0695111202024361 0.0471187349425306 0.14206163693605 0.0415940455803826 0.0367773378009313 0.0135711161761685 0.0797970359272007 0.293351431384038
0.112205056265456 0.048713525920867 0.226424177307766 0.0846922943162867 0.0512540016415782 0.099109208703304 0.0652821630069611 0.0359208965398772 0.0148754261444335 0.0932587012843992 0.377601735844742
0.160419174486439 0.0535330914425751 0.239707375709905 0.0689807013398941 0.0492255913957233 0.144007495702215 0.0377046983740853 0.0408015225366378 0.0118550779128619 0.0762892775445707 0.284126569923248
0.0791417065591614 0.0603865543637902 0.207605635166955 0.103373576783949 0.0494587833185924 0.0777034460252124 0.0651670350646906 0.0500002506876384 0.0180045008450636 0.113902568433916 0.42233029778234
0.118185187335599 0.0706682373734801 0.182920803230903 0.0838293566323444 0.0641562139126004 0.0865345947847256 0.0490766337501066 0.0584765366066409 0.0194490075768577 0.0958124457653359 0.393705606730348
0.0801940639279845 0.0607590185038075 0.195325185956795 0.0998408505693341 0.0496476284521473 0.0793806872526279 0.0692914078813833 0.051252607504672 0.0200687415287605 0.110339388706667 0.434852565337302
0.106719312572669 0.0452174789330372 0.21765818930448 0.0928665815514904 0.0456166347063527 0.0966320098390509 0.0723177242388361 0.0338089663771846 0.0146833930071346 0.102388107233355 0.395289793092919
0.110240651984519 0.0390812760603711 0.229204815958037 0.0945138658663282 0.0418029156618639 0.118062936742011 0.0763422995968306 0.0265150380495659 0.0164596963062734 0.0895694412029634 0.367093537726869
0.155572831896943 0.048790515964295 0.252298043697974 0.0690757792400579 0.0426829080452442 0.149990791795054 0.0415278468771945 0.0356652485133288 0.0102447795325377 0.078364979063666 0.281589129360433
0.0943380230091447 0.0370989383939716 0.231461875611915 0.0987002105848199 0.0346607521810805 0.0941748356143032 0.0834554105874562 0.0238239302344775 0.0166022687493718 0.106767124209143 0.409565364604765
0.159818611975706 0.0513946939449581 0.245077913561289 0.0681278637173997 0.0465661140877625 0.142353516422253 0.0402060349948759 0.0373601171583526 0.0124722060260395 0.0762910157094605 0.286661286290633
0.159562250793443 0.0514083816521583 0.248625498880919 0.0658616473784961 0.0444742826117204 0.139783365847744 0.0412643914335979 0.0364384809699869 0.0142199901186412 0.0756973776754335 0.29028457283552
0.166229145040408 0.052561002264959 0.239830396289595 0.0656872940756715 0.0469850833278843 0.141508063655739 0.0392858420012255 0.0412613736494597 0.0126828077804264 0.0733028560165237 0.287199015345742
0.16023724303823 0.0533515974277248 0.240133868162798 0.0794075523100261 0.0477153084193898 0.109815087461446 0.0487619376364597 0.0366551636690794 0.0103667524687933 0.0870021519823444 0.309339343180384
0.166536880432037 0.0484388854745417 0.241007280746335 0.0656998568362259 0.0451684326116209 0.125577174789778 0.0483815508353297 0.0384375532268266 0.0116403743350052 0.0754834152921557 0.307571489109461
0.166554517726912 0.0582106603076422 0.235878211536207 0.0793724260606383 0.0483399071286935 0.0966565929086692 0.0521643196009174 0.0367317817624435 0.0114455247512103 0.0854329605835168 0.314987684331237
0.152539948356692 0.0499993164041536 0.224916851952293 0.0912934302390984 0.0466539113108555 0.10128377707705 0.0561515007735479 0.0360269121672931 0.0134933177911274 0.0874495884795839 0.333312764659858
0.168667617568213 0.050424684720987 0.237965637270316 0.0641993505582882 0.0474485731219277 0.128981875785694 0.0453047893477283 0.0406368698843405 0.0121744151342486 0.0724007745219886 0.302312260974575
0.165688573607739 0.0516133745483678 0.243400431756149 0.0657733165536918 0.0472107575225371 0.12226102840886 0.0447941056390006 0.0406214079470364 0.0125447230979643 0.0746731039401409 0.304052517602656
0.166639278275998 0.0592036591949699 0.234527647368174 0.0784695919251625 0.0510018913252144 0.103817956981814 0.0463897263114797 0.0399798443584373 0.0115294304728069 0.0835172531522946 0.306339974928668
0.168140967758874 0.0607767882417273 0.227631065429838 0.0802041705928499 0.0510368539840531 0.101929657127738 0.0476887334258471 0.040079095540448 0.0128292645508239 0.0826493149063171 0.31028049686492
0.166943220802256 0.0620018247225817 0.231178907622892 0.0698724163109591 0.0622575824546556 0.0949626527916239 0.0386260652756806 0.0439683590255441 0.0160178637126731 0.0787273966890708 0.312783395295032
