          hrr,            GC,           day,         month,          year,        chv_mm,         sv_mm,      rootv_mm,        ssv_mm,         gwv_mm        sr_mm/s        ssr_mm/s
  1  1 1984   0.04232   0.000000000000000
  1  2 1984   0.08685   0.000000000000000
  1  3 1984   0.35252   0.000000000000000
  1  4 1984   0.11879   0.000000000000000
  1  5 1984   0.00675   0.000000000000000
  1  6 1984   0.00303   0.000000000000000
  1  7 1984   0.00087   0.000000000000000
  1  8 1984   0.34510   0.000000000000000
  1  9 1984   0.30775   0.000000000000000
  1 10 1984   0.35950   0.000000000000000
  1 11 1984   4.64721   0.000000000000000
  1 12 1984  18.32620   0.000664056045935
  1  1 1985   3.28436   0.001279117888771
  1  2 1985  10.90320   0.001212961738929
  1  3 1985   5.92751   0.001339040929452
  1  4 1985   0.19413   0.001260396558791
  1  5 1985   0.00000   0.001158544095233
  1  6 1985   0.00000   0.000549305928871
  1  7 1985   0.01512   0.000197643879801
  1  8 1985   0.00000   0.000000000000000
  1  9 1985   0.05884   0.000000000000000
  1 10 1985   0.87226   0.000000000000000
  1 11 1985  16.38372   0.000217099062866
  1 12 1985   3.43433   0.001277348492295
  1  1 1986   8.57990   0.001266157836653
  1  2 1986  34.62828   0.001379547175020
  1  3 1986  36.01705   0.002022759756073
  1  4 1986   3.10612   0.002109731314704
  1  5 1986   0.00000   0.002122704172507
  1  6 1986   0.00000   0.001973195001483
  1  7 1986   0.00000   0.001951961196028
  1  8 1986   0.00000   0.001860583317466
  1  9 1986   2.22785   0.001723607885651
  1 10 1986   0.12800   0.001714441692457
  1 11 1986   2.67369   0.001610056264326
  1 12 1986   1.08561   0.001630721380934
  1  1 1987   5.58968   0.001630710787140
  1  2 1987   8.68903   0.001483620493673
  1  3 1987  35.18586   0.001924849348143
  1  4 1987   0.16634   0.001842062920332
  1  5 1987   0.00471   0.001813306589611
  1  6 1987   0.14537   0.001667027943768
  1  7 1987   0.02545   0.001632825471461
  1  8 1987   0.00000   0.001552176312543
  1  9 1987   0.00000   0.001227798173204
  1 10 1987   4.84998   0.000957713753451
  1 11 1987   4.28077   0.001083583571017
  1 12 1987  13.02232   0.001381645677611
  1  1 1988  13.17257   0.001595443347469
  1  2 1988  13.50549   0.001550672226585
  1  3 1988   0.87990   0.001770324306563
  1  4 1988  19.25061   0.001749506103806
  1  5 1988   0.11288   0.001899922383018
  1  6 1988   0.56113   0.001772442250513
  1  7 1988   0.01687   0.001680803135969
  1  8 1988   0.00000   0.001402841298841
  1  9 1988   0.11449   0.001297727576457
  1 10 1988   0.00876   0.001272910973057
  1 11 1988   2.67466   0.001102554844692
  1 12 1988  15.20048   0.001181265921332
  1  1 1989   1.31246   0.001592912361957
  1  2 1989  14.21393   0.001558007672429
  1  3 1989   3.04297   0.001735013094731
  1  4 1989   0.66650   0.001610911800526
  1  5 1989   1.15283   0.001399809145369
  1  6 1989   0.04543   0.000984454527497
  1  7 1989   0.00000   0.000944435945712
  1  8 1989   0.00000   0.000897795078345
  1  9 1989   0.54767   0.000828081858344
  1 10 1989   1.32833   0.000821939669549
  1 11 1989   1.31890   0.000769430596847
  1 12 1989   0.00276   0.000778171466663
  1  1 1990  12.64040   0.001142016495578
  1  2 1990   9.66233   0.001311929896474
  1  3 1990   0.84895   0.001405821880326
  1  4 1990   0.55336   0.001129256328568
  1  5 1990   2.25067   0.001032974105328
  1  6 1990   0.00000   0.000705303915311
  1  7 1990   0.00000   0.000531507423148
  1  8 1990   0.00307   0.000505370844621
  1  9 1990   0.31250   0.000467922014650
  1 10 1990   0.00000   0.000462915806565
  1 11 1990   0.54825   0.000432749278843
  1 12 1990   0.19665   0.000433894951129
  1  1 1991   4.90494   0.000504999363329
  1  2 1991  36.14831   0.000449132232461
  1  3 1991  72.95897   0.001885114121251
  1  4 1991   0.06032   0.002220137044787
  1  5 1991   0.01807   0.002231438178569
  1  6 1991   1.17026   0.002079264027998
  1  7 1991   0.09730   0.002058484358713
  1  8 1991   0.38307   0.001962490146980
  1  9 1991   0.02796   0.001810044865124
  1 10 1991   0.85776   0.001787848304957
  1 11 1991   0.25715   0.001676621031947
  1 12 1991  19.27861   0.001717242412269
  1  1 1992   9.39492   0.001980048138648
  1  2 1992  54.58365 229.547592163085937
  1  3 1992  25.99964   0.002041649539024
  1  4 1992   0.10516   0.002070778282359
  1  5 1992   0.60315   0.002064403379336
  1  6 1992   0.02525   0.001907834084705
  1  7 1992   0.24101   0.001890449086204
  1  8 1992   0.00000   0.001477144891396
  1  9 1992   0.00000   0.001369570614770
  1 10 1992   4.05434   0.001367998775095
  1 11 1992   0.00000   0.001300992909819
  1 12 1992  20.94776   0.001723976572976
  1  1 1993  57.35734 135.921264648437500
  1  2 1993  36.90504 147.296096801757812
  1  3 1993  58.79013   0.002157649490982
  1  4 1993   0.00000   0.002264190930873
  1  5 1993   0.37156   0.002263116650283
  1  6 1993   2.57629   0.002125858794898
  1  7 1993   0.00755   0.002113169990480
  1  8 1993   0.02045   0.002023527631536
  1  9 1993   0.00000   0.001877783215605
  1 10 1993   0.21341   0.001877979491837
  1 11 1993   3.90755   0.001693902304396
  1 12 1993   5.61714   0.001748441951349
  1  1 1994   4.64960   0.001829955726862
  1  2 1994  30.95136   0.001870259759016
  1  3 1994  10.44435   0.002223246730864
  1  4 1994   2.22186   0.002170266117901
  1  5 1994   1.75437   0.002190843457356
  1  6 1994   0.00000   0.002058973535895
  1  7 1994   0.00000   0.002048841444775
  1  8 1994   0.00000   0.001974473707378
  1  9 1994   0.28565   0.001845211139880
  1 10 1994   2.75847   0.001850773114711
  1 11 1994   5.60564   0.001769999042153
  1 12 1994   4.67349   0.001821877085604
  1  1 1995 162.32709 229.548080444335937
  1  2 1995   7.83878   0.002099869539961
  1  3 1995  99.31026 340.966796875000000
  1  4 1995   1.18825   0.001713426434435
  1  5 1995   5.13251   0.001797137898393
  1  6 1995   1.42643   0.001641463139094
  1  7 1995   0.00000   0.001636957516894
  1  8 1995   0.00000   0.001444138120860
  1  9 1995   0.00000   0.001198189449497
  1 10 1995   0.28889   0.001201994949952
  1 11 1995   0.47982   0.001125291688368
  1 12 1995   7.48783   0.001230856170878
  1  1 1996  14.01928   0.001423892914318
  1  2 1996  33.90919   0.001840970013291
  1  3 1996  12.35895   0.002265639370307
  1  4 1996   3.42155   0.002207878045738
  1  5 1996   1.98690   0.002232294762507
  1  6 1996   0.00664   0.002098749624565
  1  7 1996   0.00181   0.002096900716424
  1  8 1996   0.00000   0.002034073928371
  1  9 1996   0.00000   0.001908336300403
  1 10 1996  19.94217   0.001796106807888
  1 11 1996  12.64155   0.002035111188889
  1 12 1996  27.51727   0.002347766421735
  1  1 1997  43.74256 397.551086425781250
  1  2 1997   0.33617   0.001054268563166
  1  3 1997   0.00124   0.000954326882493
  1  4 1997   0.00000   0.000889206305146
  1  5 1997   0.01908   0.000882210675627
  1  6 1997   0.00000   0.000816641724668
  1  7 1997   0.02172   0.000807313248515
  1  8 1997   0.07535   0.000770746148191
  1  9 1997   0.23718   0.000716672569979
  1 10 1997   0.09007   0.000528111821041
  1 11 1997  17.32526   0.000616860110313
  1 12 1997  75.31581   0.001713629579172
  1  1 1998  24.05320   0.001868982333690
  1  2 1998 155.49336 544.845336914062500
  1  3 1998  25.62551 135.920791625976562
  1  4 1998  10.04720  57.752628326416016
  1  5 1998  23.82353   0.001888050348498
  1  6 1998   0.43929   0.001832025824115
  1  7 1998   0.00000   0.001744380337186
  1  8 1998   0.00000   0.001684815739281
  1  9 1998   1.07373   0.001466286019422
  1 10 1998   0.10741   0.001367562450469
  1 11 1998   4.34238   0.001285815262236
  1 12 1998   2.30637   0.001281607314013
  1  1 1999  10.97460   0.001171002979390
  1  2 1999   6.72597   0.001562898396514
  1  3 1999  21.66457   0.001808942295611
  1  4 1999  10.14771   0.001938030007295
  1  5 1999   0.03497   0.001975962892175
  1  6 1999   0.37012   0.001833796501160
  1  7 1999   0.03797   0.001822784426622
  1  8 1999   0.00606   0.001650572987273
  1  9 1999   0.16903   0.001361344009638
  1 10 1999   0.00000   0.001362625509501
  1 11 1999   4.35178   0.001142890541814
  1 12 1999   0.02301   0.001049608225003
  1  1 2000   6.43185   0.001094845240004
  1  2 2000  56.71256   0.001668502925895
  1  3 2000  35.41029 147.296508789062500
  1  4 2000  34.69605   0.001981374109164
  1  5 2000   0.09922   0.002184524666518
  1  6 2000   0.45526   0.002039486542344
  1  7 2000   0.00000   0.002030922565609
  1  8 2000   0.00000   0.001963547430933
  1  9 2000   0.06719   0.001834414899349
  1 10 2000   9.08776   0.001625665230677
  1 11 2000   0.00000   0.001560791977681
  1 12 2000   0.44350   0.001575533533469
  1  1 2001  37.93818   0.001917240442708
  1  2 2001  30.36465 229.547500610351562
  1  3 2001  82.91920   0.002205707598478
  1  4 2001   6.60941   0.002152774017304
  1  5 2001   0.15296   0.002178497146815
  1  6 2001   0.00000   0.002019558567554
  1  7 2001   0.02573   0.001991495955735
  1  8 2001   0.00068   0.001892300788313
  1  9 2001   0.00000   0.001738575170748
  1 10 2001   1.66539   0.001710057840683
  1 11 2001  15.98456   0.001602309406735
  1 12 2001   7.56815   0.001757753314450
  1  1 2002   3.78661   0.001782532432117
  1  2 2002   1.37684   0.001613678061403
  1  3 2002   1.75106   0.001756686950102
  1  4 2002   0.25196   0.001640533329919
  1  5 2002   0.25348   0.001619408372790
  1  6 2002   0.04175   0.001476449309848
  1  7 2002   0.00000   0.001422132365406
  1  8 2002   0.00061   0.000994839705527
  1  9 2002   0.26065   0.000894819502719
  1 10 2002   0.01951   0.000865701003931
  1 11 2002  36.79462   0.001205383567140
  1 12 2002  20.55222   0.001459889812395
  1  1 2003   0.04124   0.001554593793117
  1  2 2003  13.54954   0.001431921031326
  1  3 2003  73.93457   0.001802687300369
  1  4 2003   6.32497   0.001834349590354
  1  5 2003  10.94135   0.001955828862265
  1  6 2003   0.13061   0.001816786709242
  1  7 2003   0.00700   0.001787232002243
  1  8 2003   0.00000   0.001699357409962
  1  9 2003   0.00000   0.001564638107084
  1 10 2003   1.50416   0.001526968088001
  1 11 2003   3.08268   0.001287618419155
  1 12 2003   8.37029   0.001242077560164
  1  1 2004   1.55703   0.001479042693973
  1  2 2004  44.12715   0.001450394047424
  1  3 2004   1.29123   0.001819415600039
  1  4 2004   0.00000   0.001678246539086
  1  5 2004   0.00000   0.001651663682424
  1  6 2004   0.01208   0.001514322590083
  1  7 2004   0.00000   0.001236033393070
  1  8 2004   0.00492   0.001149703282863
  1  9 2004   0.00000   0.000940365833230
  1 10 2004  17.81769   0.000950414105318
  1 11 2004   0.82867   0.001115709077567
  1 12 2004  38.16504   0.001236272393726
  1  1 2005  84.66264 229.547637939453125
  1  2 2005  40.90303   0.001705425092950
  1  3 2005  27.09490   0.002433347748592
  1  4 2005   3.35703   0.002437579445541
  1  5 2005   4.17905   0.002475375309587
  1  6 2005   0.00338   0.002318382961676
  1  7 2005   0.00000   0.002301237545907
  1  8 2005   0.00000   0.002198531292379
  1  9 2005   0.27566   0.002048576949164
  1 10 2005   2.40950   0.002053515054286
  1 11 2005   6.76777   0.001976723317057
